0 0.003205 0.195046 0.003005 0.013932
0 0.002804 0.251548 0.002204 0.043344
0 0.004207 0.314241 0.005008 0.054180
0 0.004207 0.373065 0.005008 0.038700
0 0.003005 0.215944 0.001803 0.015480
0 0.004207 0.292570 0.003806 0.026316
0 0.002704 0.335139 0.000801 0.009288
0 0.007011 0.275542 0.005008 0.020124
0 0.005509 0.226006 0.001202 0.010836
0 0.006510 0.249226 0.002404 0.017028
0 0.006410 0.190402 0.001803 0.013932
0 0.007612 0.207430 0.002204 0.017028
0 0.014123 0.297988 0.013221 0.058824
0 0.008814 0.226780 0.001803 0.018576
0 0.010517 0.248452 0.002003 0.040248
0 0.011719 0.216718 0.001603 0.013932
0 0.013922 0.266254 0.000801 0.007740
0 0.015625 0.238390 0.001803 0.026316
0 0.016927 0.319659 0.002003 0.015480
0 0.018630 0.251548 0.001803 0.015480
0 0.019231 0.310372 0.002204 0.015480
0 0.020132 0.349845 0.002003 0.020124
0 0.026242 0.325851 0.004607 0.037152
0 0.033253 0.311920 0.002204 0.018576
0 0.051683 0.235294 0.001803 0.020124
0 0.053185 0.323529 0.004407 0.020124
0 0.055689 0.206656 0.004207 0.015480
0 0.061699 0.294118 0.007812 0.094427
0 0.063401 0.283282 0.002404 0.017028
0 0.064403 0.252322 0.002003 0.013932
0 0.155649 0.318885 0.093550 0.140867
0 0.164263 0.236068 0.002204 0.015480
0 0.195613 0.232198 0.002003 0.013932
0 0.199619 0.319659 0.002003 0.015480
0 0.206130 0.330495 0.002204 0.015480
0 0.206230 0.280960 0.001603 0.015480
0 0.207732 0.233746 0.001803 0.017028
0 0.208934 0.298762 0.003405 0.026316
0 0.210437 0.242260 0.002804 0.018576
0 0.210938 0.331269 0.003405 0.029412
0 0.215545 0.308824 0.005809 0.030960
0 0.215345 0.388545 0.002204 0.013932
0 0.216146 0.406347 0.001402 0.009288
0 0.217748 0.347523 0.002204 0.018576
0 0.218349 0.260062 0.002604 0.017028
0 0.219050 0.366099 0.001603 0.012384
0 0.221354 0.286378 0.002604 0.029412
0 0.224359 0.328947 0.006210 0.071207
0 0.224058 0.271672 0.003205 0.021672
0 0.228365 0.256192 0.004207 0.043344
0 0.231070 0.319659 0.008413 0.077399
0 0.230869 0.376161 0.002404 0.020124
0 0.232071 0.246130 0.002404 0.017028
0 0.232672 0.212074 0.002404 0.017028
0 0.235877 0.262384 0.002404 0.018576
0 0.237780 0.306502 0.003806 0.054180
0 0.239283 0.263932 0.002804 0.018576
0 0.239784 0.360681 0.002604 0.023220
0 0.290765 0.308050 0.102564 0.122291
0 0.241386 0.297214 0.001803 0.029412
0 0.244091 0.261610 0.002404 0.017028
0 0.244291 0.289474 0.002804 0.020124
0 0.245593 0.363003 0.003405 0.015480
0 0.247496 0.308050 0.003606 0.029412
0 0.246795 0.265480 0.001803 0.015480
0 0.250100 0.263932 0.003606 0.027864
0 0.251703 0.284830 0.003205 0.023220
0 0.254607 0.241486 0.003405 0.017028
0 0.254607 0.322755 0.001803 0.012384
0 0.255909 0.271672 0.002804 0.018576
0 0.260116 0.239938 0.004808 0.013932
0 0.260116 0.316563 0.003205 0.021672
0 0.261218 0.276316 0.002604 0.018576
0 0.264123 0.261610 0.003606 0.020124
0 0.264523 0.295666 0.003606 0.020124
0 0.264323 0.223684 0.002404 0.018576
0 0.266226 0.244582 0.003005 0.010836
0 0.266627 0.369195 0.003005 0.024768
0 0.267428 0.316563 0.001803 0.012384
0 0.268429 0.285604 0.003405 0.030960
0 0.296775 0.251548 0.057292 0.046440
0 0.271735 0.318885 0.003606 0.020124
0 0.271935 0.292570 0.001603 0.013932
0 0.275541 0.228328 0.002404 0.012384
0 0.275641 0.295666 0.002604 0.017028
0 0.277544 0.277864 0.002804 0.018576
0 0.278045 0.318111 0.003005 0.021672
0 0.280148 0.294892 0.002003 0.012384
0 0.282151 0.286378 0.002003 0.013932
0 0.282552 0.390867 0.001603 0.015480
0 0.284756 0.275542 0.002404 0.013932
0 0.284655 0.304954 0.001402 0.010836
0 0.286558 0.307276 0.004006 0.037152
0 0.290264 0.288700 0.002204 0.027864
0 0.294071 0.288700 0.004607 0.027864
0 0.293470 0.382353 0.001803 0.013932
0 0.296374 0.363777 0.002804 0.017028
0 0.296775 0.386223 0.002804 0.015480
0 0.298177 0.307276 0.004006 0.018576
0 0.303085 0.317337 0.004207 0.013932
0 0.303786 0.292570 0.003205 0.029412
0 0.308494 0.308824 0.005008 0.024768
0 0.310597 0.292570 0.007212 0.026316
0 0.317408 0.310372 0.002404 0.018576
0 0.321014 0.276316 0.004808 0.015480
0 0.319812 0.322755 0.001202 0.006192
0 0.321715 0.299536 0.003806 0.018576
0 0.329828 0.352941 0.002003 0.013932
0 0.332031 0.291022 0.001202 0.010836
0 0.339343 0.281734 0.003005 0.023220
0 0.339543 0.369195 0.003005 0.018576
0 0.340845 0.304954 0.004407 0.017028
0 0.341747 0.269350 0.002604 0.026316
0 0.343249 0.372291 0.003606 0.043344
0 0.343049 0.337461 0.001603 0.007740
0 0.343750 0.260836 0.002204 0.018576
0 0.345553 0.406347 0.005409 0.043344
0 0.344852 0.281734 0.002804 0.017028
0 0.352364 0.339783 0.017829 0.086687
0 0.347556 0.271672 0.002204 0.015480
0 0.348257 0.244582 0.002003 0.013932
0 0.353365 0.273994 0.008614 0.035604
0 0.353666 0.236068 0.002404 0.021672
0 0.360677 0.392415 0.013622 0.111455
0 0.356571 0.361455 0.003005 0.015480
0 0.356871 0.234520 0.002003 0.021672
0 0.359876 0.158669 0.003205 0.077399
0 0.361078 0.257740 0.003205 0.015480
0 0.361679 0.222136 0.002804 0.021672
0 0.368289 0.173375 0.014423 0.091331
0 0.362780 0.327399 0.003405 0.018576
0 0.362380 0.292570 0.001402 0.010836
0 0.365284 0.256966 0.006410 0.165635
0 0.362780 0.274768 0.001402 0.012384
0 0.370192 0.394737 0.008213 0.094427
0 0.405549 0.298762 0.075721 0.057276
0 0.371895 0.250000 0.008013 0.027864
0 0.374399 0.159443 0.011018 0.091331
0 0.374299 0.342105 0.004006 0.017028
0 0.378305 0.270898 0.009215 0.047988
0 0.376302 0.208978 0.004407 0.069659
0 0.380709 0.330495 0.002804 0.021672
0 0.390825 0.352941 0.002604 0.017028
0 0.402043 0.372291 0.005409 0.018576
0 0.447616 0.178019 0.084936 0.181115
0 0.410156 0.453560 0.002003 0.007740
0 0.413462 0.452012 0.004207 0.035604
0 0.421575 0.357585 0.003205 0.017028
0 0.423077 0.390867 0.001402 0.018576
0 0.424980 0.362229 0.002003 0.020124
0 0.438902 0.413313 0.012220 0.159443
0 0.462640 0.390867 0.053686 0.188854
0 0.445513 0.269350 0.003005 0.023220
0 0.447015 0.315015 0.005208 0.012384
0 0.463442 0.154799 0.005609 0.066563
0 0.468049 0.208204 0.014022 0.173375
0 0.463442 0.332817 0.002003 0.010836
0 0.464042 0.404799 0.002003 0.018576
0 0.475661 0.344427 0.002404 0.027864
0 0.487881 0.205108 0.012420 0.154799
0 0.490284 0.385449 0.016827 0.106811
0 0.486679 0.301084 0.007212 0.040248
0 0.493289 0.318885 0.005208 0.020124
0 0.505108 0.261610 0.023237 0.125387
0 0.512119 0.195046 0.026042 0.153251
0 0.507111 0.390093 0.003205 0.026316
0 0.508413 0.339009 0.002204 0.013932
0 0.516827 0.239164 0.012620 0.167183
0 0.513722 0.388545 0.005208 0.113003
0 0.521234 0.380031 0.013421 0.117647
0 0.521635 0.331269 0.001402 0.010836
0 0.558794 0.212848 0.074519 0.182663
0 0.613482 0.340557 0.176683 0.106811
0 0.537360 0.404025 0.018029 0.125387
0 0.552284 0.417957 0.014223 0.128483
0 0.581330 0.415635 0.054287 0.151703
0 0.571014 0.366099 0.003205 0.052632
0 0.588141 0.380031 0.003806 0.068111
0 0.591546 0.269350 0.002604 0.075851
0 0.648237 0.351393 0.001402 0.010836
0 0.684195 0.359133 0.001603 0.010836
0 0.685998 0.367647 0.001603 0.012384
0 0.690204 0.305728 0.002404 0.015480
0 0.689303 0.355263 0.000601 0.009288
0 0.691106 0.363003 0.001002 0.006192
0 0.693009 0.382353 0.001603 0.010836
0 0.697015 0.392415 0.002404 0.015480
0 0.698417 0.468266 0.003606 0.021672
0 0.697216 0.414087 0.000801 0.009288
0 0.699219 0.272446 0.001603 0.010836
0 0.699419 0.387771 0.002003 0.015480
0 0.700421 0.407121 0.002804 0.020124
0 0.700921 0.454334 0.001803 0.043344
1 0.001202 0.498452 0.002204 0.029412
1 0.023738 0.571207 0.009615 0.091331
1 0.028746 0.594427 0.006010 0.035604
1 0.034255 0.589009 0.003806 0.018576
1 0.049980 0.576625 0.017228 0.083591
1 0.060196 0.572755 0.005609 0.066563
1 0.065805 0.567337 0.004808 0.083591
1 0.071715 1.197368 0.001402 0.009288
1 0.073017 0.554954 0.002804 0.046440
1 0.197716 0.509288 0.001002 0.010836
1 0.241687 0.505418 0.008013 0.046440
1 0.270833 0.510062 0.009014 0.049536
1 0.288261 0.375387 0.002604 0.030960
1 0.320012 0.335913 0.002003 0.023220
1 0.337340 0.510062 0.007412 0.040248
1 0.342147 0.335139 0.004207 0.030960
1 0.341046 0.390093 0.002003 0.013932
1 0.355168 0.291022 0.000200 0.001548
1 0.356671 0.311920 0.003205 0.037152
1 0.382812 0.504644 0.007011 0.047988
1 0.382812 0.400155 0.002604 0.027864
1 0.413862 0.434211 0.004207 0.030960
1 0.435697 0.317337 0.001803 0.026316
1 0.464744 0.516254 0.005008 0.043344
1 0.476162 0.517802 0.007011 0.040248
1 0.496494 0.316563 0.003606 0.030960
1 0.524840 0.503870 0.012220 0.052632
1 0.532552 0.354489 0.002404 0.026316
1 0.545573 0.513158 0.007212 0.037152
1 0.607272 0.510062 0.005609 0.030960
1 0.616086 0.512384 0.006010 0.041796
1 0.635116 0.404025 0.004407 0.054180
1 0.693409 0.526316 0.002404 0.017028
1 0.696214 0.519350 0.003606 0.030960
1 0.734976 0.664087 0.004607 0.029412
1 0.910056 0.787152 0.012620 0.055728
1 0.926883 0.405573 0.004607 0.017028
2 0.138121 0.310372 0.001202 0.009288
2 0.246595 0.592105 0.001402 0.009288
2 0.291066 0.404025 0.004607 0.038700
2 0.305288 0.452786 0.003005 0.030960
2 0.406651 0.367647 0.001402 0.006192
2 0.586438 0.515480 0.002003 0.013932
2 0.645733 0.434985 0.089343 0.085139
2 0.688401 0.465170 0.004006 0.021672
2 0.744892 0.477554 0.106971 0.092879
2 0.837240 0.478328 0.022035 0.047988
2 0.860377 0.462848 0.002204 0.013932
2 0.952224 0.482972 0.095753 0.085139
2 0.996294 0.508514 0.005609 0.021672
2 0.999299 0.381579 0.001603 0.009288
2 0.999399 0.410991 0.001402 0.012384
2 0.999499 0.447368 0.001202 0.010836
2 0.999700 0.359133 0.000801 0.010836
2 0.999700 0.517802 0.000801 0.009288
2 0.999700 0.609907 0.000801 0.038700
2 0.999800 0.284056 0.000601 0.049536
2 0.999800 0.709752 0.000601 0.037152
3 0.000601 0.369969 0.001002 0.013932
3 0.023337 0.377709 0.040064 0.032508
3 0.052985 0.372291 0.007612 0.012384
3 0.063502 0.373839 0.007812 0.018576
3 0.070913 0.537926 0.002604 0.034056
3 0.086438 0.377709 0.002003 0.017028
3 0.087941 0.383127 0.001002 0.006192
3 0.133413 0.376161 0.065905 0.035604
3 0.122596 0.099071 0.003005 0.026316
3 0.170673 0.388545 0.007812 0.026316
3 0.195212 0.383901 0.015224 0.023220
3 0.203926 0.468266 0.003405 0.037152
3 0.244391 0.380805 0.029848 0.020124
3 0.265925 0.380805 0.005609 0.013932
3 0.275541 0.388545 0.004808 0.026316
3 0.283353 0.370743 0.002404 0.015480
3 0.286458 0.384675 0.006210 0.018576
3 0.338642 0.392415 0.004808 0.015480
3 0.339143 0.561146 0.002604 0.015480
3 0.348658 0.389319 0.014423 0.021672
3 0.368690 0.357585 0.001603 0.013932
3 0.374199 0.392415 0.012620 0.018576
3 0.398838 0.392415 0.009014 0.018576
3 0.423478 0.397833 0.009014 0.047988
3 0.433794 0.393189 0.002404 0.017028
3 0.457232 0.393963 0.013622 0.024768
3 0.459335 0.640093 0.004207 0.030960
3 0.475861 0.392415 0.002003 0.015480
3 0.512420 0.396285 0.017428 0.100619
3 0.542668 0.394737 0.028245 0.026316
3 0.582031 0.399381 0.012019 0.029412
3 0.612480 0.395511 0.004407 0.018576
3 0.631510 0.392415 0.006010 0.024768
3 0.646134 0.391641 0.015625 0.069659
3 0.663862 0.400155 0.009014 0.018576
3 0.748397 0.402477 0.142027 0.026316
3 0.833834 0.407121 0.016426 0.020124
3 0.829828 0.607585 0.001202 0.012384
3 0.856671 0.412539 0.008013 0.018576
3 0.871795 0.151703 0.005409 0.047988
3 0.895633 0.147833 0.003405 0.024768
3 0.916967 0.410991 0.036458 0.027864
3 0.956731 0.410217 0.025040 0.013932
3 0.983474 0.412539 0.020433 0.012384
4 0.034054 0.211300 0.001402 0.009288
4 0.054788 0.516254 0.001603 0.012384
4 0.095252 0.262384 0.002404 0.021672
4 0.109575 0.465944 0.002204 0.010836
4 0.136318 0.373065 0.004407 0.038700
4 0.140124 0.127709 0.001603 0.015480
4 0.144231 0.171053 0.004207 0.030960
4 0.143930 0.128483 0.001603 0.017028
4 0.299980 0.905573 0.001202 0.010836
4 0.377404 0.449690 0.003005 0.034056
4 0.391526 0.567337 0.004808 0.021672
4 0.412660 0.572755 0.007812 0.032508
4 0.428185 0.664861 0.002804 0.058824
4 0.456530 0.740712 0.003806 0.024768
4 0.463341 0.461300 0.002604 0.054180
4 0.472556 0.465170 0.003005 0.058824
4 0.473758 0.732972 0.002204 0.034056
4 0.476963 0.762384 0.001803 0.021672
4 0.503606 0.717492 0.002204 0.052632
4 0.504808 0.493808 0.003005 0.029412
4 0.507011 0.715944 0.003405 0.049536
4 0.512821 0.354489 0.004607 0.017028
4 0.521635 0.380031 0.006210 0.030960
4 0.529748 0.693498 0.004407 0.051084
4 0.534455 0.343653 0.003005 0.017028
4 0.536759 0.574303 0.004006 0.029412
4 0.551082 0.698916 0.003005 0.049536
4 0.566406 0.783282 0.008413 0.032508
4 0.564503 0.372291 0.001402 0.018576
4 0.568309 0.405573 0.002604 0.017028
4 0.580128 0.763158 0.002604 0.029412
4 0.585837 0.534830 0.003205 0.018576
4 0.590445 0.860681 0.001603 0.010836
4 0.592248 0.728328 0.003205 0.030960
4 0.596554 0.751548 0.005409 0.046440
4 0.601963 0.380031 0.003405 0.012384
4 0.607572 0.745356 0.003806 0.040248
4 0.611979 0.784056 0.003806 0.030960
4 0.611979 0.394737 0.003405 0.032508
4 0.620292 0.419505 0.003205 0.017028
4 0.623598 0.730650 0.003806 0.063467
4 0.632712 0.417957 0.002404 0.044892
4 0.633514 0.708978 0.004006 0.075851
4 0.636018 0.479102 0.005008 0.130031
4 0.635917 0.800310 0.004006 0.032508
4 0.638121 0.589783 0.005208 0.026316
4 0.638522 0.395511 0.001603 0.030960
4 0.640024 0.743034 0.003806 0.072755
4 0.641727 0.578947 0.002404 0.029412
4 0.645533 0.764706 0.010016 0.097523
4 0.648137 0.629257 0.005609 0.030960
4 0.648337 0.417957 0.004407 0.063467
4 0.657652 0.575077 0.017829 0.213622
4 0.651142 0.691950 0.004808 0.069659
4 0.653646 0.442724 0.005809 0.100619
4 0.654547 0.375387 0.005609 0.027864
4 0.653145 0.752322 0.002804 0.044892
4 0.653746 0.811920 0.002404 0.015480
4 0.661859 0.804954 0.005409 0.029412
4 0.661158 0.764706 0.003205 0.029412
4 0.661959 0.735294 0.003606 0.029412
4 0.669371 0.729102 0.006010 0.131579
4 0.670272 0.425697 0.003005 0.026316
4 0.672476 0.467492 0.004207 0.023220
4 0.674179 0.438080 0.004006 0.029412
4 0.677484 0.792570 0.009415 0.051084
4 0.680990 0.376935 0.010417 0.030960
4 0.681390 0.576625 0.008013 0.040248
4 0.685897 0.485294 0.005409 0.102167
4 0.694010 0.763158 0.006811 0.069659
4 0.712740 0.597523 0.005809 0.020124
4 0.721955 0.438854 0.007812 0.120743
4 0.720753 0.738390 0.005409 0.109907
4 0.722356 0.578173 0.004207 0.030960
4 0.725661 0.517802 0.001202 0.009288
4 0.731170 0.790248 0.005008 0.018576
4 0.737380 0.768576 0.003806 0.052632
4 0.746394 0.476006 0.005809 0.114551
4 0.748297 0.759288 0.004006 0.021672
4 0.754307 0.580495 0.003606 0.023220
4 0.757512 0.765480 0.003205 0.027864
4 0.758213 0.458978 0.003806 0.071207
4 0.760317 0.532508 0.007612 0.047988
4 0.761819 0.796440 0.005008 0.024768
4 0.765024 0.577399 0.003005 0.035604
4 0.775040 0.787152 0.004207 0.034056
4 0.799179 0.587461 0.004006 0.015480
4 0.805088 0.576625 0.009014 0.034056
