0 0.003253 0.150898 0.003049 0.010778
0 0.002846 0.194611 0.002236 0.033533
0 0.004269 0.243114 0.005082 0.041916
0 0.004269 0.288623 0.005082 0.029940
0 0.003049 0.167066 0.001830 0.011976
0 0.004269 0.226347 0.003863 0.020359
0 0.002744 0.259281 0.000813 0.007186
0 0.007115 0.213174 0.005082 0.015569
0 0.005591 0.174850 0.001220 0.008383
0 0.006607 0.192814 0.002440 0.013174
0 0.006505 0.147305 0.001830 0.010778
0 0.007725 0.160479 0.002236 0.013174
0 0.014332 0.230539 0.013417 0.045509
0 0.008945 0.175449 0.001830 0.014371
0 0.010673 0.192216 0.002033 0.031138
0 0.011893 0.167665 0.001626 0.010778
0 0.014129 0.205988 0.000813 0.005988
0 0.015857 0.184431 0.001830 0.020359
0 0.017178 0.247305 0.002033 0.011976
0 0.018906 0.194611 0.001830 0.011976
0 0.019516 0.240120 0.002236 0.011976
0 0.020431 0.270659 0.002033 0.015569
0 0.026631 0.252096 0.004676 0.028743
0 0.033747 0.241317 0.002236 0.014371
0 0.052450 0.182036 0.001830 0.015569
0 0.053974 0.250299 0.004472 0.015569
0 0.056516 0.159880 0.004269 0.011976
0 0.062614 0.227545 0.007928 0.073054
0 0.064342 0.219162 0.002440 0.013174
0 0.065359 0.195210 0.002033 0.010778
0 0.157959 0.246707 0.094938 0.108982
0 0.166701 0.182635 0.002236 0.011976
0 0.198516 0.179641 0.002033 0.010778
0 0.202582 0.247305 0.002033 0.011976
0 0.209189 0.255689 0.002236 0.011976
0 0.209291 0.217365 0.001626 0.011976
0 0.210815 0.180838 0.001830 0.013174
0 0.212035 0.231138 0.003456 0.020359
0 0.213560 0.187425 0.002846 0.014371
0 0.214068 0.256287 0.003456 0.022754
0 0.218744 0.238922 0.005896 0.023952
0 0.218540 0.300599 0.002236 0.010778
0 0.219354 0.314371 0.001423 0.007186
0 0.220980 0.268862 0.002236 0.014371
0 0.221590 0.201198 0.002643 0.013174
0 0.222301 0.283234 0.001626 0.009581
0 0.224639 0.221557 0.002643 0.022754
0 0.227689 0.254491 0.006302 0.055090
0 0.227384 0.210180 0.003253 0.016766
0 0.231754 0.198204 0.004269 0.033533
0 0.234499 0.247305 0.008538 0.059880
0 0.234296 0.291018 0.002440 0.015569
0 0.235515 0.190419 0.002440 0.013174
0 0.236125 0.164072 0.002440 0.013174
0 0.239378 0.202994 0.002440 0.014371
0 0.241309 0.237126 0.003863 0.041916
0 0.242834 0.204192 0.002846 0.014371
0 0.243342 0.279042 0.002643 0.017964
0 0.295080 0.238323 0.104086 0.094611
0 0.244968 0.229940 0.001830 0.022754
0 0.247713 0.202395 0.002440 0.013174
0 0.247916 0.223952 0.002846 0.015569
0 0.249238 0.280838 0.003456 0.011976
0 0.251169 0.238323 0.003659 0.022754
0 0.250457 0.205389 0.001830 0.011976
0 0.253812 0.204192 0.003659 0.021557
0 0.255438 0.220359 0.003253 0.017964
0 0.258386 0.186826 0.003456 0.013174
0 0.258386 0.249701 0.001830 0.009581
0 0.259707 0.210180 0.002846 0.014371
0 0.263976 0.185629 0.004879 0.010778
0 0.263976 0.244910 0.003253 0.016766
0 0.265095 0.213772 0.002643 0.014371
0 0.268042 0.202395 0.003659 0.015569
0 0.268449 0.228743 0.003659 0.015569
0 0.268246 0.173054 0.002440 0.014371
0 0.270177 0.189222 0.003049 0.008383
0 0.270583 0.285629 0.003049 0.019162
0 0.271397 0.244910 0.001830 0.009581
0 0.272413 0.220958 0.003456 0.023952
0 0.301179 0.194611 0.058142 0.035928
0 0.275767 0.246707 0.003659 0.015569
0 0.275971 0.226347 0.001626 0.010778
0 0.279630 0.176647 0.002440 0.009581
0 0.279732 0.228743 0.002643 0.013174
0 0.281663 0.214970 0.002846 0.014371
0 0.282171 0.246108 0.003049 0.016766
0 0.284306 0.228144 0.002033 0.009581
0 0.286339 0.221557 0.002033 0.010778
0 0.286745 0.302395 0.001626 0.011976
0 0.288982 0.213174 0.002440 0.010778
0 0.288880 0.235928 0.001423 0.008383
0 0.290811 0.237725 0.004066 0.028743
0 0.294572 0.223353 0.002236 0.021557
0 0.298435 0.223353 0.004676 0.021557
0 0.297825 0.295808 0.001830 0.010778
0 0.300773 0.281437 0.002846 0.013174
0 0.301179 0.298802 0.002846 0.011976
0 0.302602 0.237725 0.004066 0.014371
0 0.307583 0.245509 0.004269 0.010778
0 0.308294 0.226347 0.003253 0.022754
0 0.313072 0.238922 0.005082 0.019162
0 0.315206 0.226347 0.007319 0.020359
0 0.322118 0.240120 0.002440 0.014371
0 0.325778 0.213772 0.004879 0.011976
0 0.324558 0.249701 0.001220 0.004790
0 0.326489 0.231737 0.003863 0.014371
0 0.334723 0.273054 0.002033 0.010778
0 0.336959 0.225150 0.001220 0.008383
0 0.344379 0.217964 0.003049 0.017964
0 0.344582 0.285629 0.003049 0.014371
0 0.345904 0.235928 0.004472 0.013174
0 0.346818 0.208383 0.002643 0.020359
0 0.348343 0.288024 0.003659 0.033533
0 0.348140 0.261078 0.001626 0.005988
0 0.348851 0.201796 0.002236 0.014371
0 0.350681 0.314371 0.005489 0.033533
0 0.349970 0.217964 0.002846 0.013174
0 0.357593 0.262874 0.018093 0.067066
0 0.352714 0.210180 0.002236 0.011976
0 0.353425 0.189222 0.002033 0.010778
0 0.358609 0.211976 0.008742 0.027545
0 0.358914 0.182635 0.002440 0.016766
0 0.366030 0.303593 0.013824 0.086228
0 0.361862 0.279641 0.003049 0.011976
0 0.362167 0.181437 0.002033 0.016766
0 0.365217 0.122754 0.003253 0.059880
0 0.366436 0.199401 0.003253 0.011976
0 0.367046 0.171856 0.002846 0.016766
0 0.373755 0.134132 0.014637 0.070659
0 0.368164 0.253293 0.003456 0.014371
0 0.367758 0.226347 0.001423 0.008383
0 0.370705 0.198802 0.006505 0.128144
0 0.368164 0.212575 0.001423 0.009581
0 0.375686 0.305389 0.008335 0.073054
0 0.411567 0.231138 0.076845 0.044311
0 0.377414 0.193413 0.008132 0.021557
0 0.379955 0.123353 0.011181 0.070659
0 0.379854 0.264671 0.004066 0.013174
0 0.383919 0.209581 0.009351 0.037126
0 0.381887 0.161677 0.004472 0.053892
0 0.386359 0.255689 0.002846 0.016766
0 0.396625 0.273054 0.002643 0.013174
0 0.408010 0.288024 0.005489 0.014371
0 0.454259 0.137725 0.086196 0.140120
0 0.416243 0.350898 0.002033 0.005988
0 0.419597 0.349701 0.004269 0.027545
0 0.427831 0.276647 0.003253 0.013174
0 0.429356 0.302395 0.001423 0.014371
0 0.431287 0.280240 0.002033 0.015569
0 0.445416 0.319760 0.012401 0.123353
0 0.469506 0.302395 0.054483 0.146108
0 0.452124 0.208383 0.003049 0.017964
0 0.453649 0.243713 0.005286 0.009581
0 0.470319 0.119760 0.005692 0.051497
0 0.474995 0.161078 0.014231 0.134132
0 0.470319 0.257485 0.002033 0.008383
0 0.470929 0.313174 0.002033 0.014371
0 0.482720 0.266467 0.002440 0.021557
0 0.495121 0.158683 0.012604 0.119760
0 0.497560 0.298204 0.017077 0.082635
0 0.493901 0.232934 0.007319 0.031138
0 0.500610 0.246707 0.005286 0.015569
0 0.512604 0.202395 0.023582 0.097006
0 0.519719 0.150898 0.026428 0.118563
0 0.514637 0.301796 0.003253 0.020359
0 0.515959 0.262275 0.002236 0.010778
0 0.524497 0.185030 0.012807 0.129341
0 0.521346 0.300599 0.005286 0.087425
0 0.528969 0.294012 0.013621 0.091018
0 0.529376 0.256287 0.001423 0.008383
0 0.567087 0.164671 0.075625 0.141317
0 0.622586 0.263473 0.179305 0.082635
0 0.545334 0.312575 0.018296 0.097006
0 0.560480 0.323353 0.014434 0.099401
0 0.589957 0.321557 0.055092 0.117365
0 0.579488 0.283234 0.003253 0.040719
0 0.596869 0.294012 0.003863 0.052695
0 0.600325 0.208383 0.002643 0.058683
0 0.657857 0.271856 0.001423 0.008383
0 0.694348 0.277844 0.001626 0.008383
0 0.696178 0.284431 0.001626 0.009581
0 0.700447 0.236527 0.002440 0.011976
0 0.699532 0.274850 0.000610 0.007186
0 0.701362 0.280838 0.001016 0.004790
0 0.703293 0.295808 0.001626 0.008383
0 0.707359 0.303593 0.002440 0.011976
0 0.708782 0.362275 0.003659 0.016766
0 0.707563 0.320359 0.000813 0.007186
0 0.709595 0.210778 0.001626 0.008383
0 0.709799 0.300000 0.002033 0.011976
0 0.710815 0.314970 0.002846 0.015569
0 0.711323 0.351497 0.001830 0.033533
1 0.001220 0.385629 0.002236 0.022754
1 0.024090 0.441916 0.009758 0.070659
1 0.029173 0.459880 0.006099 0.027545
1 0.034763 0.455689 0.003863 0.014371
1 0.050722 0.446108 0.017483 0.064671
1 0.061090 0.443114 0.005692 0.051497
1 0.066782 0.438922 0.004879 0.064671
1 0.072779 0.926347 0.001423 0.007186
1 0.074100 0.429341 0.002846 0.035928
1 0.200651 0.394012 0.001016 0.008383
1 0.245273 0.391018 0.008132 0.035928
1 0.274853 0.394611 0.009148 0.038323
1 0.292539 0.290419 0.002643 0.023952
1 0.324761 0.259880 0.002033 0.017964
1 0.342346 0.394611 0.007522 0.031138
1 0.347225 0.259281 0.004269 0.023952
1 0.346107 0.301796 0.002033 0.010778
1 0.360439 0.225150 0.000203 0.001198
1 0.361964 0.241317 0.003253 0.028743
1 0.388494 0.390419 0.007115 0.037126
1 0.388494 0.309581 0.002643 0.021557
1 0.420004 0.335928 0.004269 0.023952
1 0.442163 0.245509 0.001830 0.020359
1 0.471641 0.399401 0.005082 0.033533
1 0.483228 0.400599 0.007115 0.031138
1 0.503863 0.244910 0.003659 0.023952
1 0.532629 0.389820 0.012401 0.040719
1 0.540455 0.274251 0.002440 0.020359
1 0.553669 0.397006 0.007319 0.028743
1 0.616284 0.394611 0.005692 0.023952
1 0.625229 0.396407 0.006099 0.032335
1 0.644542 0.312575 0.004472 0.041916
1 0.703700 0.407186 0.002440 0.013174
1 0.706546 0.401796 0.003659 0.023952
1 0.745883 0.513772 0.004676 0.022754
1 0.923562 0.608982 0.012807 0.043114
1 0.940638 0.313772 0.004676 0.013174
2 0.140171 0.240120 0.001220 0.007186
2 0.250254 0.458084 0.001423 0.007186
2 0.295385 0.312575 0.004676 0.029940
2 0.309819 0.350299 0.003049 0.023952
2 0.412686 0.284431 0.001423 0.004790
2 0.595141 0.398802 0.002033 0.010778
2 0.655316 0.336527 0.090669 0.065868
2 0.698618 0.359880 0.004066 0.016766
2 0.755946 0.369461 0.108559 0.071856
2 0.849665 0.370060 0.022362 0.037126
2 0.873145 0.358084 0.002236 0.010778
2 0.966355 0.373653 0.097174 0.065868
2 1.011079 0.393413 0.005692 0.016766
2 1.014129 0.295210 0.001626 0.007186
2 1.014231 0.317964 0.001423 0.009581
2 1.014332 0.346108 0.001220 0.008383
2 1.014535 0.277844 0.000813 0.008383
2 1.014535 0.400599 0.000813 0.007186
2 1.014535 0.471856 0.000813 0.029940
2 1.014637 0.219760 0.000610 0.038323
2 1.014637 0.549102 0.000610 0.028743
3 0.000610 0.286228 0.001016 0.010778
3 0.023684 0.292216 0.040659 0.025150
3 0.053771 0.288024 0.007725 0.009581
3 0.064444 0.289222 0.007928 0.014371
3 0.071966 0.416168 0.002643 0.026347
3 0.087721 0.292216 0.002033 0.013174
3 0.089246 0.296407 0.001016 0.004790
3 0.135393 0.291018 0.066884 0.027545
3 0.124416 0.076647 0.003049 0.020359
3 0.173206 0.300599 0.007928 0.020359
3 0.198109 0.297006 0.015450 0.017964
3 0.206953 0.362275 0.003456 0.028743
3 0.248018 0.294611 0.030291 0.015569
3 0.269872 0.294611 0.005692 0.010778
3 0.279630 0.300599 0.004879 0.020359
3 0.287558 0.286826 0.002440 0.011976
3 0.290709 0.297605 0.006302 0.014371
3 0.343667 0.303593 0.004879 0.011976
3 0.344176 0.434132 0.002643 0.011976
3 0.353832 0.301198 0.014637 0.016766
3 0.374161 0.276647 0.001626 0.010778
3 0.379752 0.303593 0.012807 0.014371
3 0.404757 0.303593 0.009148 0.014371
3 0.429762 0.307784 0.009148 0.037126
3 0.440232 0.304192 0.002440 0.013174
3 0.464017 0.304790 0.013824 0.019162
3 0.466152 0.495210 0.004269 0.023952
3 0.482923 0.303593 0.002033 0.011976
3 0.520024 0.306587 0.017687 0.077844
3 0.550722 0.305389 0.028664 0.020359
3 0.590669 0.308982 0.012198 0.022754
3 0.621569 0.305988 0.004472 0.014371
3 0.640882 0.303593 0.006099 0.019162
3 0.655723 0.302994 0.015857 0.053892
3 0.673714 0.309581 0.009148 0.014371
3 0.759504 0.311377 0.144135 0.020359
3 0.846209 0.314970 0.016670 0.015569
3 0.842143 0.470060 0.001220 0.009581
3 0.869384 0.319162 0.008132 0.014371
3 0.884733 0.117365 0.005489 0.037126
3 0.908925 0.114371 0.003456 0.019162
3 0.930575 0.317964 0.036999 0.021557
3 0.970929 0.317365 0.025412 0.010778
3 0.998069 0.319162 0.020736 0.009581
4 0.034560 0.163473 0.001423 0.007186
4 0.055601 0.399401 0.001626 0.009581
4 0.096666 0.202994 0.002440 0.016766
4 0.111201 0.360479 0.002236 0.008383
4 0.138341 0.288623 0.004472 0.029940
4 0.142204 0.098802 0.001626 0.011976
4 0.146371 0.132335 0.004269 0.023952
4 0.146066 0.099401 0.001626 0.013174
4 0.304432 0.700599 0.001220 0.008383
4 0.383005 0.347904 0.003049 0.026347
4 0.397337 0.438922 0.004879 0.016766
4 0.418784 0.443114 0.007928 0.025150
4 0.434540 0.514371 0.002846 0.045509
4 0.463306 0.573054 0.003863 0.019162
4 0.470218 0.356886 0.002643 0.041916
4 0.479569 0.359880 0.003049 0.045509
4 0.480789 0.567066 0.002236 0.026347
4 0.484041 0.589820 0.001830 0.016766
4 0.511079 0.555090 0.002236 0.040719
4 0.512299 0.382036 0.003049 0.022754
4 0.514535 0.553892 0.003456 0.038323
4 0.520431 0.274251 0.004676 0.013174
4 0.529376 0.294012 0.006302 0.023952
4 0.537609 0.536527 0.004472 0.039521
4 0.542387 0.265868 0.003049 0.013174
4 0.544725 0.444311 0.004066 0.022754
4 0.559260 0.540719 0.003049 0.038323
4 0.574812 0.605988 0.008538 0.025150
4 0.572881 0.288024 0.001423 0.014371
4 0.576743 0.313772 0.002643 0.013174
4 0.588738 0.590419 0.002643 0.022754
4 0.594531 0.413772 0.003253 0.014371
4 0.599207 0.665868 0.001626 0.008383
4 0.601037 0.563473 0.003253 0.023952
4 0.605408 0.581437 0.005489 0.035928
4 0.610897 0.294012 0.003456 0.009581
4 0.616589 0.576647 0.003863 0.031138
4 0.621061 0.606587 0.003863 0.023952
4 0.621061 0.305389 0.003456 0.025150
4 0.629498 0.324551 0.003253 0.013174
4 0.632852 0.565269 0.003863 0.049102
4 0.642102 0.323353 0.002440 0.034731
4 0.642915 0.548503 0.004066 0.058683
4 0.645456 0.370659 0.005082 0.100599
4 0.645355 0.619162 0.004066 0.025150
4 0.647591 0.456287 0.005286 0.020359
4 0.647998 0.305988 0.001626 0.023952
4 0.649522 0.574850 0.003863 0.056287
4 0.651250 0.447904 0.002440 0.022754
4 0.655113 0.591617 0.010165 0.075449
4 0.657756 0.486826 0.005692 0.023952
4 0.657959 0.323353 0.004472 0.049102
4 0.667412 0.444910 0.018093 0.165269
4 0.660805 0.535329 0.004879 0.053892
4 0.663346 0.342515 0.005896 0.077844
4 0.664261 0.290419 0.005692 0.021557
4 0.662838 0.582036 0.002846 0.034731
4 0.663448 0.628144 0.002440 0.011976
4 0.671681 0.622754 0.005489 0.022754
4 0.670970 0.591617 0.003253 0.022754
4 0.671783 0.568862 0.003659 0.022754
4 0.679305 0.564072 0.006099 0.101796
4 0.680220 0.329341 0.003049 0.020359
4 0.682456 0.361677 0.004269 0.017964
4 0.684184 0.338922 0.004066 0.022754
4 0.687538 0.613174 0.009555 0.039521
4 0.691096 0.291617 0.010571 0.023952
4 0.691502 0.446108 0.008132 0.031138
4 0.696076 0.375449 0.005489 0.079042
4 0.704310 0.590419 0.006912 0.053892
4 0.723318 0.462275 0.005896 0.015569
4 0.732669 0.339521 0.007928 0.093413
4 0.731449 0.571257 0.005489 0.085030
4 0.733076 0.447305 0.004269 0.023952
4 0.736430 0.400599 0.001220 0.007186
4 0.742021 0.611377 0.005082 0.014371
4 0.748323 0.594611 0.003863 0.040719
4 0.757471 0.368263 0.005896 0.088623
4 0.759402 0.587425 0.004066 0.016766
4 0.765501 0.449102 0.003659 0.017964
4 0.768754 0.592216 0.003253 0.021557
4 0.769465 0.355090 0.003863 0.055090
4 0.771600 0.411976 0.007725 0.037126
4 0.773125 0.616168 0.005082 0.019162
4 0.776377 0.446707 0.003049 0.027545
4 0.786542 0.608982 0.004269 0.026347
4 0.811039 0.454491 0.004066 0.011976
4 0.817036 0.446108 0.009148 0.026347
