0 0.004556 0.344262 0.004271 0.024590
0 0.003986 0.443989 0.003132 0.076503
0 0.005979 0.554645 0.007118 0.095628
0 0.005979 0.658470 0.007118 0.068306
0 0.004271 0.381148 0.002563 0.027322
0 0.005979 0.516393 0.005410 0.046448
0 0.003844 0.591530 0.001139 0.016393
0 0.009966 0.486339 0.007118 0.035519
0 0.007830 0.398907 0.001708 0.019126
0 0.009254 0.439891 0.003417 0.030055
0 0.009112 0.336066 0.002563 0.024590
0 0.010820 0.366120 0.003132 0.030055
0 0.020074 0.525956 0.018793 0.103825
0 0.012528 0.400273 0.002563 0.032787
0 0.014949 0.438525 0.002847 0.071038
0 0.016657 0.382514 0.002278 0.024590
0 0.019789 0.469945 0.001139 0.013661
0 0.022210 0.420765 0.002563 0.046448
0 0.024060 0.564208 0.002847 0.027322
0 0.026481 0.443989 0.002563 0.027322
0 0.027335 0.547814 0.003132 0.027322
0 0.028616 0.617486 0.002847 0.035519
0 0.037301 0.575137 0.006549 0.065574
0 0.047267 0.550546 0.003132 0.032787
0 0.073462 0.415301 0.002563 0.035519
0 0.075598 0.571038 0.006264 0.035519
0 0.079157 0.364754 0.005979 0.027322
0 0.087699 0.519126 0.011105 0.166667
0 0.090120 0.500000 0.003417 0.030055
0 0.091543 0.445355 0.002847 0.024590
0 0.221241 0.562842 0.132973 0.248634
0 0.233485 0.416667 0.003132 0.027322
0 0.278047 0.409836 0.002847 0.024590
0 0.283741 0.564208 0.002847 0.027322
0 0.292995 0.583333 0.003132 0.027322
0 0.293138 0.495902 0.002278 0.027322
0 0.295273 0.412568 0.002563 0.030055
0 0.296982 0.527322 0.004841 0.046448
0 0.299117 0.427596 0.003986 0.032787
0 0.299829 0.584699 0.004841 0.051913
0 0.306378 0.545082 0.008257 0.054645
0 0.306093 0.685792 0.003132 0.024590
0 0.307232 0.717213 0.001993 0.016393
0 0.309510 0.613388 0.003132 0.032787
0 0.310364 0.459016 0.003702 0.030055
0 0.311361 0.646175 0.002278 0.021858
0 0.314636 0.505464 0.003702 0.051913
0 0.318907 0.580601 0.008827 0.125683
0 0.318479 0.479508 0.004556 0.038251
0 0.324601 0.452186 0.005979 0.076503
0 0.328445 0.564208 0.011959 0.136612
0 0.328161 0.663934 0.003417 0.035519
0 0.329869 0.434426 0.003417 0.030055
0 0.330723 0.374317 0.003417 0.030055
0 0.335279 0.463115 0.003417 0.032787
0 0.337984 0.540984 0.005410 0.095628
0 0.340120 0.465847 0.003986 0.032787
0 0.340831 0.636612 0.003702 0.040984
0 0.413297 0.543716 0.145786 0.215847
0 0.343109 0.524590 0.002563 0.051913
0 0.346953 0.461749 0.003417 0.030055
0 0.347238 0.510929 0.003986 0.035519
0 0.349089 0.640710 0.004841 0.027322
0 0.351794 0.543716 0.005125 0.051913
0 0.350797 0.468579 0.002563 0.027322
0 0.355495 0.465847 0.005125 0.049180
0 0.357773 0.502732 0.004556 0.040984
0 0.361902 0.426230 0.004841 0.030055
0 0.361902 0.569672 0.002563 0.021858
0 0.363753 0.479508 0.003986 0.032787
0 0.369732 0.423497 0.006834 0.024590
0 0.369732 0.558743 0.004556 0.038251
0 0.371298 0.487705 0.003702 0.032787
0 0.375427 0.461749 0.005125 0.035519
0 0.375997 0.521858 0.005125 0.035519
0 0.375712 0.394809 0.003417 0.032787
0 0.378417 0.431694 0.004271 0.019126
0 0.378986 0.651639 0.004271 0.043716
0 0.380125 0.558743 0.002563 0.021858
0 0.381549 0.504098 0.004841 0.054645
0 0.421839 0.443989 0.081435 0.081967
0 0.386247 0.562842 0.005125 0.035519
0 0.386532 0.516393 0.002278 0.024590
0 0.391657 0.403005 0.003417 0.021858
0 0.391800 0.521858 0.003702 0.030055
0 0.394505 0.490437 0.003986 0.032787
0 0.395216 0.561475 0.004271 0.038251
0 0.398206 0.520492 0.002847 0.021858
0 0.401054 0.505464 0.002847 0.024590
0 0.401623 0.689891 0.002278 0.027322
0 0.404755 0.486339 0.003417 0.024590
0 0.404613 0.538251 0.001993 0.019126
0 0.407318 0.542350 0.005695 0.065574
0 0.412585 0.509563 0.003132 0.049180
0 0.417995 0.509563 0.006549 0.049180
0 0.417141 0.674863 0.002563 0.024590
0 0.421270 0.642077 0.003986 0.030055
0 0.421839 0.681694 0.003986 0.027322
0 0.423833 0.542350 0.005695 0.032787
0 0.430809 0.560109 0.005979 0.024590
0 0.431805 0.516393 0.004556 0.051913
0 0.438497 0.545082 0.007118 0.043716
0 0.441486 0.516393 0.010251 0.046448
0 0.451167 0.547814 0.003417 0.032787
0 0.456293 0.487705 0.006834 0.027322
0 0.454584 0.569672 0.001708 0.010929
0 0.457289 0.528689 0.005410 0.032787
0 0.468821 0.622951 0.002847 0.024590
0 0.471953 0.513661 0.001708 0.019126
0 0.482346 0.497268 0.004271 0.040984
0 0.482631 0.651639 0.004271 0.032787
0 0.484482 0.538251 0.006264 0.030055
0 0.485763 0.475410 0.003702 0.046448
0 0.487899 0.657104 0.005125 0.076503
0 0.487614 0.595628 0.002278 0.013661
0 0.488610 0.460383 0.003132 0.032787
0 0.491173 0.717213 0.007688 0.076503
0 0.490177 0.497268 0.003986 0.030055
0 0.500854 0.599727 0.025342 0.153005
0 0.494021 0.479508 0.003132 0.027322
0 0.495017 0.431694 0.002847 0.024590
0 0.502278 0.483607 0.012244 0.062842
0 0.502705 0.416667 0.003417 0.038251
0 0.512671 0.692623 0.019362 0.196721
0 0.506834 0.637978 0.004271 0.027322
0 0.507261 0.413934 0.002847 0.038251
0 0.511532 0.280055 0.004556 0.136612
0 0.513240 0.454918 0.004556 0.027322
0 0.514095 0.392077 0.003986 0.038251
0 0.523491 0.306011 0.020501 0.161202
0 0.515661 0.577869 0.004841 0.032787
0 0.515091 0.516393 0.001993 0.019126
0 0.519220 0.453552 0.009112 0.292350
0 0.515661 0.484973 0.001993 0.021858
0 0.526196 0.696721 0.011674 0.166667
0 0.576452 0.527322 0.107631 0.101093
0 0.528616 0.441257 0.011390 0.049180
0 0.532175 0.281421 0.015661 0.161202
0 0.532033 0.603825 0.005695 0.030055
0 0.537728 0.478142 0.013098 0.084699
0 0.534880 0.368852 0.006264 0.122951
0 0.541145 0.583333 0.003986 0.038251
0 0.555524 0.622951 0.003702 0.030055
0 0.571469 0.657104 0.007688 0.032787
0 0.636247 0.314208 0.120729 0.319672
0 0.583001 0.800546 0.002847 0.013661
0 0.587699 0.797814 0.005979 0.062842
0 0.599231 0.631148 0.004556 0.030055
0 0.601367 0.689891 0.001993 0.032787
0 0.604072 0.639344 0.002847 0.035519
0 0.623861 0.729508 0.017369 0.281421
0 0.657603 0.689891 0.076310 0.333333
0 0.633257 0.475410 0.004271 0.040984
0 0.635393 0.556011 0.007403 0.021858
0 0.658741 0.273224 0.007973 0.117486
0 0.665290 0.367486 0.019932 0.306011
0 0.658741 0.587432 0.002847 0.019126
0 0.659596 0.714481 0.002847 0.032787
0 0.676110 0.607923 0.003417 0.049180
0 0.693479 0.362022 0.017654 0.273224
0 0.696896 0.680328 0.023918 0.188525
0 0.691771 0.531421 0.010251 0.071038
0 0.701167 0.562842 0.007403 0.035519
0 0.717967 0.461749 0.033030 0.221311
0 0.727933 0.344262 0.037016 0.270492
0 0.720814 0.688525 0.004556 0.046448
0 0.722665 0.598361 0.003132 0.024590
0 0.734624 0.422131 0.017938 0.295082
0 0.730211 0.685792 0.007403 0.199454
0 0.740888 0.670765 0.019077 0.207650
0 0.741458 0.584699 0.001993 0.019126
0 0.794277 0.375683 0.105923 0.322404
0 0.872010 0.601093 0.251139 0.188525
0 0.763810 0.713115 0.025626 0.221311
0 0.785023 0.737705 0.020216 0.226776
0 0.826310 0.733607 0.077164 0.267760
0 0.811646 0.646175 0.004556 0.092896
0 0.835991 0.670765 0.005410 0.120219
0 0.840831 0.475410 0.003702 0.133880
0 0.921412 0.620219 0.001993 0.019126
0 0.972523 0.633880 0.002278 0.019126
0 0.975085 0.648907 0.002278 0.021858
0 0.981065 0.539617 0.003417 0.027322
0 0.979784 0.627049 0.000854 0.016393
0 0.982346 0.640710 0.001424 0.010929
0 0.985051 0.674863 0.002278 0.019126
0 0.990746 0.692623 0.003417 0.027322
0 0.992739 0.826503 0.005125 0.038251
0 0.991031 0.730874 0.001139 0.016393
0 0.993878 0.480874 0.002278 0.019126
0 0.994163 0.684426 0.002847 0.027322
0 0.995587 0.718579 0.003986 0.035519
0 0.996298 0.801913 0.002563 0.076503
1 0.001708 0.879781 0.003132 0.051913
1 0.033741 1.008197 0.013667 0.161202
1 0.040860 1.049180 0.008542 0.062842
1 0.048690 1.039617 0.005410 0.032787
1 0.071042 1.017760 0.024487 0.147541
1 0.085564 1.010929 0.007973 0.117486
1 0.093536 1.001366 0.006834 0.147541
1 0.101936 2.113388 0.001993 0.016393
1 0.103787 0.979508 0.003986 0.081967
1 0.281036 0.898907 0.001424 0.019126
1 0.343536 0.892077 0.011390 0.081967
1 0.384966 0.900273 0.012813 0.087432
1 0.409738 0.662568 0.003702 0.054645
1 0.454869 0.592896 0.002847 0.040984
1 0.479499 0.900273 0.010535 0.071038
1 0.486333 0.591530 0.005979 0.054645
1 0.484767 0.688525 0.002847 0.024590
1 0.504841 0.513661 0.000285 0.002732
1 0.506976 0.550546 0.004556 0.065574
1 0.544134 0.890710 0.009966 0.084699
1 0.544134 0.706284 0.003702 0.049180
1 0.588269 0.766393 0.005979 0.054645
1 0.619305 0.560109 0.002563 0.046448
1 0.660592 0.911202 0.007118 0.076503
1 0.676822 0.913934 0.009966 0.071038
1 0.705723 0.558743 0.005125 0.054645
1 0.746014 0.889344 0.017369 0.092896
1 0.756976 0.625683 0.003417 0.046448
1 0.775484 0.905738 0.010251 0.065574
1 0.863183 0.900273 0.007973 0.054645
1 0.875712 0.904372 0.008542 0.073770
1 0.902762 0.713115 0.006264 0.095628
1 0.985621 0.928962 0.003417 0.030055
1 0.989607 0.916667 0.005125 0.054645
1 1.044704 1.172131 0.006549 0.051913
1 1.293565 1.389344 0.017938 0.098361
1 1.317483 0.715847 0.006549 0.030055
2 0.196327 0.547814 0.001708 0.016393
2 0.350513 1.045082 0.001993 0.016393
2 0.413724 0.713115 0.006549 0.068306
2 0.433941 0.799180 0.004271 0.054645
2 0.578018 0.648907 0.001993 0.010929
2 0.833571 0.909836 0.002847 0.024590
2 0.917853 0.767760 0.126993 0.150273
2 0.978502 0.821038 0.005695 0.038251
2 1.058798 0.842896 0.152050 0.163934
2 1.190063 0.844262 0.031321 0.084699
2 1.222950 0.816940 0.003132 0.024590
2 1.353502 0.852459 0.136105 0.150273
2 1.416145 0.897541 0.007973 0.038251
2 1.420416 0.673497 0.002278 0.016393
2 1.420558 0.725410 0.001993 0.021858
2 1.420700 0.789617 0.001708 0.019126
2 1.420985 0.633880 0.001139 0.019126
2 1.420985 0.913934 0.001139 0.016393
2 1.420985 1.076503 0.001139 0.068306
2 1.421128 0.501366 0.000854 0.087432
2 1.421128 1.252732 0.000854 0.065574
3 0.000854 0.653005 0.001424 0.024590
3 0.033172 0.666667 0.056948 0.057377
3 0.075313 0.657104 0.010820 0.021858
3 0.090262 0.659836 0.011105 0.032787
3 0.100797 0.949454 0.003702 0.060109
3 0.122864 0.666667 0.002847 0.030055
3 0.125000 0.676230 0.001424 0.010929
3 0.189636 0.663934 0.093679 0.062842
3 0.174260 0.174863 0.004271 0.046448
3 0.242597 0.685792 0.011105 0.046448
3 0.277477 0.677596 0.021640 0.040984
3 0.289863 0.826503 0.004841 0.065574
3 0.347380 0.672131 0.042426 0.035519
3 0.377990 0.672131 0.007973 0.024590
3 0.391657 0.685792 0.006834 0.046448
3 0.402762 0.654372 0.003417 0.027322
3 0.407175 0.678962 0.008827 0.032787
3 0.481350 0.692623 0.006834 0.027322
3 0.482062 0.990437 0.003702 0.027322
3 0.495587 0.687158 0.020501 0.038251
3 0.524060 0.631148 0.002278 0.024590
3 0.531891 0.692623 0.017938 0.032787
3 0.566913 0.692623 0.012813 0.032787
3 0.601936 0.702186 0.012813 0.084699
3 0.616600 0.693989 0.003417 0.030055
3 0.649915 0.695355 0.019362 0.043716
3 0.652904 1.129781 0.005979 0.054645
3 0.676395 0.692623 0.002847 0.027322
3 0.728360 0.699454 0.024772 0.177596
3 0.771355 0.696721 0.040148 0.046448
3 0.827306 0.704918 0.017084 0.051913
3 0.870587 0.698087 0.006264 0.032787
3 0.897637 0.692623 0.008542 0.043716
3 0.918423 0.691257 0.022210 0.122951
3 0.943622 0.706284 0.012813 0.032787
3 1.063781 0.710383 0.201879 0.046448
3 1.185222 0.718579 0.023349 0.035519
3 1.179527 1.072404 0.001708 0.021858
3 1.217682 0.728142 0.011390 0.032787
3 1.239180 0.267760 0.007688 0.084699
3 1.273064 0.260929 0.004841 0.043716
3 1.303388 0.725410 0.051822 0.049180
3 1.359909 0.724044 0.035592 0.024590
3 1.397921 0.728142 0.029043 0.021858
4 0.048405 0.372951 0.001993 0.016393
4 0.077876 0.911202 0.002278 0.021858
4 0.135393 0.463115 0.003417 0.038251
4 0.155752 0.822404 0.003132 0.019126
4 0.193764 0.658470 0.006264 0.068306
4 0.199174 0.225410 0.002278 0.027322
4 0.205011 0.301913 0.005979 0.054645
4 0.204584 0.226776 0.002278 0.030055
4 0.426395 1.598361 0.001708 0.019126
4 0.536446 0.793716 0.004271 0.060109
4 0.556521 1.001366 0.006834 0.038251
4 0.586560 1.010929 0.011105 0.057377
4 0.608628 1.173497 0.003986 0.103825
4 0.648918 1.307377 0.005410 0.043716
4 0.658599 0.814208 0.003702 0.095628
4 0.671697 0.821038 0.004271 0.103825
4 0.673405 1.293716 0.003132 0.060109
4 0.677961 1.345628 0.002563 0.038251
4 0.715831 1.266393 0.003132 0.092896
4 0.717540 0.871585 0.004271 0.051913
4 0.720672 1.263661 0.004841 0.087432
4 0.728929 0.625683 0.006549 0.030055
4 0.741458 0.670765 0.008827 0.054645
4 0.752990 1.224044 0.006264 0.090164
4 0.759681 0.606557 0.004271 0.030055
4 0.762956 1.013661 0.005695 0.051913
4 0.783314 1.233607 0.004271 0.087432
4 0.805097 1.382514 0.011959 0.057377
4 0.802392 0.657104 0.001993 0.032787
4 0.807802 0.715847 0.003702 0.030055
4 0.824601 1.346995 0.003702 0.051913
4 0.832716 0.943989 0.004556 0.032787
4 0.839265 1.519126 0.002278 0.019126
4 0.841828 1.285519 0.004556 0.054645
4 0.847950 1.326503 0.007688 0.081967
4 0.855638 0.670765 0.004841 0.021858
4 0.863610 1.315574 0.005410 0.071038
4 0.869875 1.383880 0.005410 0.054645
4 0.869875 0.696721 0.004841 0.057377
4 0.881691 0.740437 0.004556 0.030055
4 0.886390 1.289617 0.005410 0.112022
4 0.899345 0.737705 0.003417 0.079235
4 0.900484 1.251366 0.005695 0.133880
4 0.904043 0.845628 0.007118 0.229508
4 0.903901 1.412568 0.005695 0.057377
4 0.907033 1.040984 0.007403 0.046448
4 0.907603 0.698087 0.002278 0.054645
4 0.909738 1.311475 0.005410 0.128415
4 0.912158 1.021858 0.003417 0.051913
4 0.917568 1.349727 0.014237 0.172131
4 0.921270 1.110656 0.007973 0.054645
4 0.921555 0.737705 0.006264 0.112022
4 0.934795 1.015027 0.025342 0.377049
4 0.925541 1.221311 0.006834 0.122951
4 0.929100 0.781421 0.008257 0.177596
4 0.930382 0.662568 0.007973 0.049180
4 0.928388 1.327869 0.003986 0.079235
4 0.929243 1.433060 0.003417 0.027322
4 0.940774 1.420765 0.007688 0.051913
4 0.939778 1.349727 0.004556 0.051913
4 0.940917 1.297814 0.005125 0.051913
4 0.951452 1.286885 0.008542 0.232240
4 0.952733 0.751366 0.004271 0.046448
4 0.955866 0.825137 0.005979 0.040984
4 0.958286 0.773224 0.005695 0.051913
4 0.962984 1.398907 0.013383 0.090164
4 0.967967 0.665301 0.014806 0.054645
4 0.968536 1.017760 0.011390 0.071038
4 0.974943 0.856557 0.007688 0.180328
4 0.986475 1.346995 0.009681 0.122951
4 1.013098 1.054645 0.008257 0.035519
4 1.026196 0.774590 0.011105 0.213115
4 1.024487 1.303279 0.007688 0.193989
4 1.026765 1.020492 0.005979 0.054645
4 1.031464 0.913934 0.001708 0.016393
4 1.039294 1.394809 0.007118 0.032787
4 1.048121 1.356557 0.005410 0.092896
4 1.060934 0.840164 0.008257 0.202186
4 1.063639 1.340164 0.005695 0.038251
4 1.072181 1.024590 0.005125 0.040984
4 1.076737 1.351093 0.004556 0.049180
4 1.077733 0.810109 0.005410 0.125683
4 1.080723 0.939891 0.010820 0.084699
4 1.082859 1.405738 0.007118 0.043716
4 1.087415 1.019126 0.004271 0.062842
4 1.101651 1.389344 0.005979 0.060109
4 1.135962 1.036885 0.005695 0.027322
4 1.144362 1.017760 0.012813 0.060109
