0 0.003221 0.239089 0.003019 0.017078
0 0.002818 0.308349 0.002214 0.053131
0 0.004227 0.385199 0.005032 0.066414
0 0.004227 0.457306 0.005032 0.047438
0 0.003019 0.264706 0.001812 0.018975
0 0.004227 0.358634 0.003824 0.032258
0 0.002717 0.410816 0.000805 0.011385
0 0.007045 0.337761 0.005032 0.024668
0 0.005535 0.277040 0.001208 0.013283
0 0.006542 0.305503 0.002415 0.020873
0 0.006441 0.233397 0.001812 0.017078
0 0.007649 0.254269 0.002214 0.020873
0 0.014191 0.365275 0.013285 0.072106
0 0.008857 0.277989 0.001812 0.022770
0 0.010568 0.304554 0.002013 0.049336
0 0.011775 0.265655 0.001610 0.017078
0 0.013990 0.326376 0.000805 0.009488
0 0.015700 0.292220 0.001812 0.032258
0 0.017009 0.391841 0.002013 0.018975
0 0.018720 0.308349 0.001812 0.018975
0 0.019324 0.380455 0.002214 0.018975
0 0.020229 0.428843 0.002013 0.024668
0 0.026369 0.399431 0.004630 0.045541
0 0.033414 0.382353 0.002214 0.022770
0 0.051932 0.288425 0.001812 0.024668
0 0.053442 0.396584 0.004428 0.024668
0 0.055958 0.253321 0.004227 0.018975
0 0.061997 0.360531 0.007850 0.115750
0 0.063708 0.347249 0.002415 0.020873
0 0.064714 0.309298 0.002013 0.017078
0 0.156401 0.390892 0.094002 0.172676
0 0.165056 0.289374 0.002214 0.018975
0 0.196558 0.284630 0.002013 0.017078
0 0.200584 0.391841 0.002013 0.018975
0 0.207126 0.405123 0.002214 0.018975
0 0.207226 0.344402 0.001610 0.018975
0 0.208736 0.286528 0.001812 0.020873
0 0.209944 0.366224 0.003422 0.032258
0 0.211453 0.296964 0.002818 0.022770
0 0.211957 0.406072 0.003422 0.036053
0 0.216586 0.378558 0.005837 0.037951
0 0.216385 0.476281 0.002214 0.017078
0 0.217190 0.498102 0.001409 0.011385
0 0.218800 0.425996 0.002214 0.022770
0 0.219404 0.318786 0.002617 0.020873
0 0.220109 0.448767 0.001610 0.015180
0 0.222424 0.351044 0.002617 0.036053
0 0.225443 0.403226 0.006240 0.087287
0 0.225141 0.333017 0.003221 0.026565
0 0.229469 0.314042 0.004227 0.053131
0 0.232186 0.391841 0.008454 0.094877
0 0.231985 0.461101 0.002415 0.024668
0 0.233192 0.301708 0.002415 0.020873
0 0.233796 0.259962 0.002415 0.020873
0 0.237017 0.321632 0.002415 0.022770
0 0.238929 0.375712 0.003824 0.066414
0 0.240439 0.323529 0.002818 0.022770
0 0.240942 0.442125 0.002617 0.028463
0 0.292170 0.377609 0.103060 0.149905
0 0.242552 0.364326 0.001812 0.036053
0 0.245270 0.320683 0.002415 0.020873
0 0.245471 0.354839 0.002818 0.024668
0 0.246779 0.444972 0.003422 0.018975
0 0.248692 0.377609 0.003623 0.036053
0 0.247987 0.325427 0.001812 0.018975
0 0.251308 0.323529 0.003623 0.034156
0 0.252919 0.349146 0.003221 0.028463
0 0.255837 0.296015 0.003422 0.020873
0 0.255837 0.395636 0.001812 0.015180
0 0.257146 0.333017 0.002818 0.022770
0 0.261373 0.294118 0.004831 0.017078
0 0.261373 0.388046 0.003221 0.026565
0 0.262480 0.338710 0.002617 0.022770
0 0.265399 0.320683 0.003623 0.024668
0 0.265801 0.362429 0.003623 0.024668
0 0.265600 0.274194 0.002415 0.022770
0 0.267512 0.299810 0.003019 0.013283
0 0.267915 0.452562 0.003019 0.030361
0 0.268720 0.388046 0.001812 0.015180
0 0.269726 0.350095 0.003422 0.037951
0 0.298209 0.308349 0.057568 0.056926
0 0.273048 0.390892 0.003623 0.024668
0 0.273249 0.358634 0.001610 0.017078
0 0.276872 0.279886 0.002415 0.015180
0 0.276973 0.362429 0.002617 0.020873
0 0.278885 0.340607 0.002818 0.022770
0 0.279388 0.389943 0.003019 0.026565
0 0.281502 0.361480 0.002013 0.015180
0 0.283514 0.351044 0.002013 0.017078
0 0.283917 0.479127 0.001610 0.018975
0 0.286131 0.337761 0.002415 0.017078
0 0.286031 0.373814 0.001409 0.013283
0 0.287943 0.376660 0.004026 0.045541
0 0.291667 0.353890 0.002214 0.034156
0 0.295491 0.353890 0.004630 0.034156
0 0.294887 0.468691 0.001812 0.017078
0 0.297806 0.445920 0.002818 0.020873
0 0.298209 0.473435 0.002818 0.018975
0 0.299618 0.376660 0.004026 0.022770
0 0.304549 0.388994 0.004227 0.017078
0 0.305254 0.358634 0.003221 0.036053
0 0.309984 0.378558 0.005032 0.030361
0 0.312097 0.358634 0.007246 0.032258
0 0.318941 0.380455 0.002415 0.022770
0 0.322564 0.338710 0.004831 0.018975
0 0.321357 0.395636 0.001208 0.007590
0 0.323269 0.367173 0.003824 0.022770
0 0.331421 0.432638 0.002013 0.017078
0 0.333635 0.356736 0.001208 0.013283
0 0.340982 0.345351 0.003019 0.028463
0 0.341184 0.452562 0.003019 0.022770
0 0.342492 0.373814 0.004428 0.020873
0 0.343398 0.330171 0.002617 0.032258
0 0.344907 0.456357 0.003623 0.053131
0 0.344706 0.413662 0.001610 0.009488
0 0.345411 0.319734 0.002214 0.022770
0 0.347222 0.498102 0.005435 0.053131
0 0.346518 0.345351 0.002818 0.020873
0 0.354066 0.416509 0.017915 0.106262
0 0.349235 0.333017 0.002214 0.018975
0 0.349940 0.299810 0.002013 0.017078
0 0.355072 0.335863 0.008655 0.043643
0 0.355374 0.289374 0.002415 0.026565
0 0.362419 0.481025 0.013688 0.136622
0 0.358293 0.443074 0.003019 0.018975
0 0.358595 0.287476 0.002013 0.026565
0 0.361614 0.194497 0.003221 0.094877
0 0.362822 0.315939 0.003221 0.018975
0 0.363426 0.272296 0.002818 0.026565
0 0.370068 0.212524 0.014493 0.111954
0 0.364533 0.401328 0.003422 0.022770
0 0.364130 0.358634 0.001409 0.013283
0 0.367049 0.314991 0.006441 0.203036
0 0.364533 0.336812 0.001409 0.015180
0 0.371981 0.483871 0.008253 0.115750
0 0.407508 0.366224 0.076087 0.070209
0 0.373692 0.306452 0.008052 0.034156
0 0.376208 0.195446 0.011071 0.111954
0 0.376107 0.419355 0.004026 0.020873
0 0.380133 0.332068 0.009259 0.058824
0 0.378120 0.256167 0.004428 0.085389
0 0.382548 0.405123 0.002818 0.026565
0 0.392713 0.432638 0.002617 0.020873
0 0.403986 0.456357 0.005435 0.022770
0 0.449779 0.218216 0.085346 0.222011
0 0.412138 0.555977 0.002013 0.009488
0 0.415459 0.554080 0.004227 0.043643
0 0.423611 0.438330 0.003221 0.020873
0 0.425121 0.479127 0.001409 0.022770
0 0.427033 0.444023 0.002013 0.024668
0 0.441023 0.506641 0.012279 0.195446
0 0.464875 0.479127 0.053945 0.231499
0 0.447665 0.330171 0.003019 0.028463
0 0.449175 0.386148 0.005233 0.015180
0 0.465680 0.189753 0.005636 0.081594
0 0.470310 0.255218 0.014090 0.212524
0 0.465680 0.407970 0.002013 0.013283
0 0.466284 0.496205 0.002013 0.022770
0 0.477959 0.422201 0.002415 0.034156
0 0.490238 0.251423 0.012480 0.189753
0 0.492653 0.472486 0.016908 0.130930
0 0.489030 0.369070 0.007246 0.049336
0 0.495672 0.390892 0.005233 0.024668
0 0.507548 0.320683 0.023349 0.153700
0 0.514593 0.239089 0.026167 0.187856
0 0.509561 0.478178 0.003221 0.032258
0 0.510870 0.415560 0.002214 0.017078
0 0.519324 0.293169 0.012681 0.204934
0 0.516204 0.476281 0.005233 0.138520
0 0.523752 0.465844 0.013486 0.144213
0 0.524155 0.406072 0.001409 0.013283
0 0.561494 0.260911 0.074879 0.223909
0 0.616445 0.417457 0.177536 0.130930
0 0.539956 0.495256 0.018116 0.153700
0 0.554952 0.512334 0.014291 0.157495
0 0.584138 0.509488 0.054549 0.185958
0 0.573772 0.448767 0.003221 0.064516
0 0.590982 0.465844 0.003824 0.083491
0 0.594404 0.330171 0.002617 0.092979
0 0.651369 0.430740 0.001409 0.013283
0 0.687500 0.440228 0.001610 0.013283
0 0.689312 0.450664 0.001610 0.015180
0 0.693539 0.374763 0.002415 0.018975
0 0.692633 0.435484 0.000604 0.011385
0 0.694444 0.444972 0.001006 0.007590
0 0.696357 0.468691 0.001610 0.013283
0 0.700382 0.481025 0.002415 0.018975
0 0.701791 0.574004 0.003623 0.026565
0 0.700584 0.507590 0.000805 0.011385
0 0.702597 0.333966 0.001610 0.013283
0 0.702798 0.475332 0.002013 0.018975
0 0.703804 0.499051 0.002818 0.024668
0 0.704308 0.556926 0.001812 0.053131
1 0.001208 0.611006 0.002214 0.036053
1 0.023853 0.700190 0.009662 0.111954
1 0.028885 0.728653 0.006039 0.043643
1 0.034420 0.722011 0.003824 0.022770
1 0.050221 0.706831 0.017311 0.102467
1 0.060487 0.702087 0.005636 0.081594
1 0.066123 0.695446 0.004831 0.102467
1 0.072061 1.467742 0.001409 0.011385
1 0.073370 0.680266 0.002818 0.056926
1 0.198671 0.624288 0.001006 0.013283
1 0.242854 0.619545 0.008052 0.056926
1 0.272142 0.625237 0.009058 0.060721
1 0.289654 0.460152 0.002617 0.037951
1 0.321558 0.411765 0.002013 0.028463
1 0.338969 0.625237 0.007448 0.049336
1 0.343800 0.410816 0.004227 0.037951
1 0.342693 0.478178 0.002013 0.017078
1 0.356884 0.356736 0.000201 0.001898
1 0.358394 0.382353 0.003221 0.045541
1 0.384662 0.618596 0.007045 0.058824
1 0.384662 0.490512 0.002617 0.034156
1 0.415862 0.532258 0.004227 0.037951
1 0.437802 0.388994 0.001812 0.032258
1 0.466989 0.632827 0.005032 0.053131
1 0.478462 0.634725 0.007045 0.049336
1 0.498893 0.388046 0.003623 0.037951
1 0.527375 0.617647 0.012279 0.064516
1 0.535125 0.434535 0.002415 0.032258
1 0.548209 0.629032 0.007246 0.045541
1 0.610205 0.625237 0.005636 0.037951
1 0.619062 0.628083 0.006039 0.051233
1 0.638184 0.495256 0.004428 0.066414
1 0.696759 0.645161 0.002415 0.020873
1 0.699577 0.636622 0.003623 0.037951
1 0.738527 0.814042 0.004630 0.036053
1 0.914452 0.964896 0.012681 0.068311
1 0.931361 0.497154 0.004630 0.020873
2 0.138788 0.380455 0.001208 0.011385
2 0.247786 0.725806 0.001409 0.011385
2 0.292472 0.495256 0.004630 0.047438
2 0.306763 0.555028 0.003019 0.037951
2 0.408615 0.450664 0.001409 0.007590
2 0.589271 0.631879 0.002013 0.017078
2 0.648853 0.533207 0.089775 0.104364
2 0.691727 0.570209 0.004026 0.026565
2 0.748490 0.585389 0.107488 0.113852
2 0.841284 0.586338 0.022142 0.058824
2 0.864533 0.567362 0.002214 0.017078
2 0.956824 0.592030 0.096216 0.104364
2 0.001107 0.623340 0.005636 0.026565
2 0.004126 0.467742 0.001610 0.011385
2 0.004227 0.503795 0.001409 0.015180
2 0.004328 0.548387 0.001208 0.013283
2 0.004529 0.440228 0.000805 0.013283
2 0.004529 0.634725 0.000805 0.011385
2 0.004529 0.747628 0.000805 0.047438
2 0.004630 0.348197 0.000604 0.060721
2 0.004630 0.870019 0.000604 0.045541
3 0.000604 0.453510 0.001006 0.017078
3 0.023450 0.462998 0.040258 0.039848
3 0.053241 0.456357 0.007649 0.015180
3 0.063808 0.458254 0.007850 0.022770
3 0.071256 0.659393 0.002617 0.041746
3 0.086856 0.462998 0.002013 0.020873
3 0.088366 0.469639 0.001006 0.007590
3 0.134058 0.461101 0.066224 0.043643
3 0.123188 0.121442 0.003019 0.032258
3 0.171498 0.476281 0.007850 0.032258
3 0.196155 0.470588 0.015298 0.028463
3 0.204911 0.574004 0.003422 0.045541
3 0.245572 0.466793 0.029992 0.024668
3 0.267210 0.466793 0.005636 0.017078
3 0.276872 0.476281 0.004831 0.032258
3 0.284722 0.454459 0.002415 0.018975
3 0.287842 0.471537 0.006240 0.022770
3 0.340278 0.481025 0.004831 0.018975
3 0.340781 0.687856 0.002617 0.018975
3 0.350342 0.477230 0.014493 0.026565
3 0.370471 0.438330 0.001610 0.017078
3 0.376006 0.481025 0.012681 0.022770
3 0.400765 0.481025 0.009058 0.022770
3 0.425523 0.487666 0.009058 0.058824
3 0.435890 0.481973 0.002415 0.020873
3 0.459440 0.482922 0.013688 0.030361
3 0.461554 0.784630 0.004227 0.037951
3 0.478160 0.481025 0.002013 0.018975
3 0.514895 0.485769 0.017512 0.123340
3 0.545290 0.483871 0.028382 0.032258
3 0.584843 0.489564 0.012077 0.036053
3 0.615439 0.484820 0.004428 0.022770
3 0.634561 0.481025 0.006039 0.030361
3 0.649255 0.480076 0.015700 0.085389
3 0.667069 0.490512 0.009058 0.022770
3 0.752013 0.493359 0.142713 0.032258
3 0.837862 0.499051 0.016506 0.024668
3 0.833837 0.744782 0.001208 0.015180
3 0.860809 0.505693 0.008052 0.022770
3 0.876006 0.185958 0.005435 0.058824
3 0.899960 0.181214 0.003422 0.030361
3 0.921397 0.503795 0.036634 0.034156
3 0.961353 0.502846 0.025161 0.017078
3 0.988225 0.505693 0.020531 0.015180
4 0.034219 0.259013 0.001409 0.011385
4 0.055052 0.632827 0.001610 0.015180
4 0.095713 0.321632 0.002415 0.026565
4 0.110105 0.571157 0.002214 0.013283
4 0.136977 0.457306 0.004428 0.047438
4 0.140801 0.156546 0.001610 0.018975
4 0.144928 0.209677 0.004227 0.037951
4 0.144626 0.157495 0.001610 0.020873
4 0.301429 1.110057 0.001208 0.013283
4 0.379227 0.551233 0.003019 0.041746
4 0.393418 0.695446 0.004831 0.026565
4 0.414654 0.702087 0.007850 0.039848
4 0.430254 0.814991 0.002818 0.072106
4 0.458736 0.907970 0.003824 0.030361
4 0.465580 0.565465 0.002617 0.066414
4 0.474839 0.570209 0.003019 0.072106
4 0.476047 0.898482 0.002214 0.041746
4 0.479267 0.934535 0.001812 0.026565
4 0.506039 0.879507 0.002214 0.064516
4 0.507246 0.605313 0.003019 0.036053
4 0.509461 0.877609 0.003422 0.060721
4 0.515298 0.434535 0.004630 0.020873
4 0.524155 0.465844 0.006240 0.037951
4 0.532307 0.850095 0.004428 0.062619
4 0.537037 0.421252 0.003019 0.020873
4 0.539352 0.703985 0.004026 0.036053
4 0.553744 0.856736 0.003019 0.060721
4 0.569143 0.960152 0.008454 0.039848
4 0.567230 0.456357 0.001409 0.022770
4 0.571055 0.497154 0.002617 0.020873
4 0.582931 0.935484 0.002617 0.036053
4 0.588667 0.655598 0.003221 0.022770
4 0.593297 1.055028 0.001610 0.013283
4 0.595109 0.892789 0.003221 0.037951
4 0.599436 0.921252 0.005435 0.056926
4 0.604871 0.465844 0.003422 0.015180
4 0.610507 0.913662 0.003824 0.049336
4 0.614936 0.961101 0.003824 0.037951
4 0.614936 0.483871 0.003422 0.039848
4 0.623289 0.514231 0.003221 0.020873
4 0.626610 0.895636 0.003824 0.077799
4 0.635769 0.512334 0.002415 0.055028
4 0.636574 0.869070 0.004026 0.092979
4 0.639090 0.587287 0.005032 0.159393
4 0.638990 0.981025 0.004026 0.039848
4 0.641204 0.722960 0.005233 0.032258
4 0.641606 0.484820 0.001610 0.037951
4 0.643116 0.910816 0.003824 0.089184
4 0.644827 0.709677 0.002415 0.036053
4 0.648651 0.937381 0.010064 0.119545
4 0.651268 0.771347 0.005636 0.037951
4 0.651469 0.512334 0.004428 0.077799
4 0.660829 0.704934 0.017915 0.261860
4 0.654287 0.848197 0.004831 0.085389
4 0.656804 0.542694 0.005837 0.123340
4 0.657709 0.460152 0.005636 0.034156
4 0.656300 0.922201 0.002818 0.055028
4 0.656904 0.995256 0.002415 0.018975
4 0.665056 0.986717 0.005435 0.036053
4 0.664352 0.937381 0.003221 0.036053
4 0.665157 0.901328 0.003623 0.036053
4 0.672605 0.893738 0.006039 0.161290
4 0.673510 0.521822 0.003019 0.032258
4 0.675725 0.573055 0.004227 0.028463
4 0.677436 0.537002 0.004026 0.036053
4 0.680757 0.971537 0.009461 0.062619
4 0.684279 0.462049 0.010467 0.037951
4 0.684682 0.706831 0.008052 0.049336
4 0.689211 0.594877 0.005435 0.125237
4 0.697363 0.935484 0.006844 0.085389
4 0.716184 0.732448 0.005837 0.024668
4 0.725443 0.537951 0.007850 0.148008
4 0.724235 0.905123 0.005435 0.134725
4 0.725845 0.708729 0.004227 0.037951
4 0.729167 0.634725 0.001208 0.011385
4 0.734702 0.968691 0.005032 0.022770
4 0.740942 0.942125 0.003824 0.064516
4 0.750000 0.583491 0.005837 0.140417
4 0.751912 0.930740 0.004026 0.026565
4 0.757951 0.711575 0.003623 0.028463
4 0.761171 0.938330 0.003221 0.034156
4 0.761876 0.562619 0.003824 0.087287
4 0.763990 0.652751 0.007649 0.058824
4 0.765499 0.976281 0.005032 0.030361
4 0.768720 0.707780 0.003019 0.043643
4 0.778784 0.964896 0.004227 0.041746
4 0.803039 0.720114 0.004026 0.018975
4 0.808977 0.706831 0.009058 0.041746
