0 0.003217 0.169128 0.003016 0.012081
0 0.002815 0.218121 0.002212 0.037584
0 0.004223 0.272483 0.005027 0.046980
0 0.004223 0.323490 0.005027 0.033557
0 0.003016 0.187248 0.001810 0.013423
0 0.004223 0.253691 0.003821 0.022819
0 0.002715 0.290604 0.000804 0.008054
0 0.007038 0.238926 0.005027 0.017450
0 0.005530 0.195973 0.001207 0.009396
0 0.006535 0.216107 0.002413 0.014765
0 0.006435 0.165101 0.001810 0.012081
0 0.007641 0.179866 0.002212 0.014765
0 0.014177 0.258389 0.013272 0.051007
0 0.008848 0.196644 0.001810 0.016107
0 0.010557 0.215436 0.002011 0.034899
0 0.011764 0.187919 0.001609 0.012081
0 0.013975 0.230872 0.000804 0.006711
0 0.015685 0.206711 0.001810 0.022819
0 0.016992 0.277181 0.002011 0.013423
0 0.018701 0.218121 0.001810 0.013423
0 0.019304 0.269128 0.002212 0.013423
0 0.020209 0.303356 0.002011 0.017450
0 0.026342 0.282550 0.004625 0.032215
0 0.033380 0.270470 0.002212 0.016107
0 0.051880 0.204027 0.001810 0.017450
0 0.053388 0.280537 0.004424 0.017450
0 0.055902 0.179195 0.004223 0.013423
0 0.061934 0.255034 0.007842 0.081879
0 0.063644 0.245638 0.002413 0.014765
0 0.064649 0.218792 0.002011 0.012081
0 0.156244 0.276510 0.093907 0.122148
0 0.164890 0.204698 0.002212 0.013423
0 0.196360 0.201342 0.002011 0.012081
0 0.200382 0.277181 0.002011 0.013423
0 0.206917 0.286577 0.002212 0.013423
0 0.207018 0.243624 0.001609 0.013423
0 0.208526 0.202685 0.001810 0.014765
0 0.209733 0.259060 0.003418 0.022819
0 0.211241 0.210067 0.002815 0.016107
0 0.211743 0.287248 0.003418 0.025503
0 0.216368 0.267785 0.005831 0.026846
0 0.216167 0.336913 0.002212 0.012081
0 0.216972 0.352349 0.001408 0.008054
0 0.218580 0.301342 0.002212 0.016107
0 0.219184 0.225503 0.002614 0.014765
0 0.219887 0.317450 0.001609 0.010738
0 0.222200 0.248322 0.002614 0.025503
0 0.225216 0.285235 0.006234 0.061745
0 0.224915 0.235570 0.003217 0.018792
0 0.229238 0.222148 0.004223 0.037584
0 0.231953 0.277181 0.008446 0.067114
0 0.231751 0.326174 0.002413 0.017450
0 0.232958 0.213423 0.002413 0.014765
0 0.233561 0.183893 0.002413 0.014765
0 0.236779 0.227517 0.002413 0.016107
0 0.238689 0.265772 0.003821 0.046980
0 0.240197 0.228859 0.002815 0.016107
0 0.240700 0.312752 0.002614 0.020134
0 0.291876 0.267114 0.102956 0.106040
0 0.242308 0.257718 0.001810 0.025503
0 0.245023 0.226846 0.002413 0.014765
0 0.245224 0.251007 0.002815 0.017450
0 0.246531 0.314765 0.003418 0.013423
0 0.248442 0.267114 0.003620 0.025503
0 0.247738 0.230201 0.001810 0.013423
0 0.251056 0.228859 0.003620 0.024161
0 0.252664 0.246980 0.003217 0.020134
0 0.255580 0.209396 0.003418 0.014765
0 0.255580 0.279866 0.001810 0.010738
0 0.256887 0.235570 0.002815 0.016107
0 0.261110 0.208054 0.004826 0.012081
0 0.261110 0.274497 0.003217 0.018792
0 0.262216 0.239597 0.002614 0.016107
0 0.265132 0.226846 0.003620 0.017450
0 0.265534 0.256376 0.003620 0.017450
0 0.265333 0.193960 0.002413 0.016107
0 0.267243 0.212081 0.003016 0.009396
0 0.267645 0.320134 0.003016 0.021477
0 0.268450 0.274497 0.001810 0.010738
0 0.269455 0.247651 0.003418 0.026846
0 0.297909 0.218121 0.057511 0.040268
0 0.272773 0.276510 0.003620 0.017450
0 0.272974 0.253691 0.001609 0.012081
0 0.276594 0.197987 0.002413 0.010738
0 0.276694 0.256376 0.002614 0.014765
0 0.278604 0.240940 0.002815 0.016107
0 0.279107 0.275839 0.003016 0.018792
0 0.281219 0.255705 0.002011 0.010738
0 0.283229 0.248322 0.002011 0.012081
0 0.283632 0.338926 0.001609 0.013423
0 0.285844 0.238926 0.002413 0.012081
0 0.285743 0.264430 0.001408 0.009396
0 0.287653 0.266443 0.004022 0.032215
0 0.291373 0.250336 0.002212 0.024161
0 0.295194 0.250336 0.004625 0.024161
0 0.294591 0.331544 0.001810 0.012081
0 0.297507 0.315436 0.002815 0.014765
0 0.297909 0.334899 0.002815 0.013423
0 0.299316 0.266443 0.004022 0.016107
0 0.304243 0.275168 0.004223 0.012081
0 0.304947 0.253691 0.003217 0.025503
0 0.309672 0.267785 0.005027 0.021477
0 0.311784 0.253691 0.007239 0.022819
0 0.318621 0.269128 0.002413 0.016107
0 0.322240 0.239597 0.004826 0.013423
0 0.321034 0.279866 0.001207 0.005369
0 0.322944 0.259732 0.003821 0.016107
0 0.331088 0.306040 0.002011 0.012081
0 0.333300 0.252349 0.001207 0.009396
0 0.340639 0.244295 0.003016 0.020134
0 0.340841 0.320134 0.003016 0.016107
0 0.342148 0.264430 0.004424 0.014765
0 0.343052 0.233557 0.002614 0.022819
0 0.344561 0.322819 0.003620 0.037584
0 0.344360 0.292617 0.001609 0.006711
0 0.345063 0.226174 0.002212 0.016107
0 0.346873 0.352349 0.005429 0.037584
0 0.346169 0.244295 0.002815 0.014765
0 0.353710 0.294631 0.017897 0.075168
0 0.348884 0.235570 0.002212 0.013423
0 0.349588 0.212081 0.002011 0.012081
0 0.354715 0.237584 0.008647 0.030872
0 0.355017 0.204698 0.002413 0.018792
0 0.362055 0.340268 0.013674 0.096644
0 0.357933 0.313423 0.003016 0.013423
0 0.358234 0.203356 0.002011 0.018792
0 0.361251 0.137584 0.003217 0.067114
0 0.362457 0.223490 0.003217 0.013423
0 0.363061 0.192617 0.002815 0.018792
0 0.369696 0.150336 0.014478 0.079195
0 0.364166 0.283893 0.003418 0.016107
0 0.363764 0.253691 0.001408 0.009396
0 0.366680 0.222819 0.006435 0.143624
0 0.364166 0.238255 0.001408 0.010738
0 0.371607 0.342282 0.008245 0.081879
0 0.407098 0.259060 0.076010 0.049664
0 0.373316 0.216779 0.008043 0.024161
0 0.375829 0.138255 0.011060 0.079195
0 0.375729 0.296644 0.004022 0.014765
0 0.379751 0.234899 0.009250 0.041611
0 0.377740 0.181208 0.004424 0.060403
0 0.382164 0.286577 0.002815 0.018792
0 0.392319 0.306040 0.002614 0.014765
0 0.403579 0.322819 0.005429 0.016107
0 0.449326 0.154362 0.085260 0.157047
0 0.411723 0.393289 0.002011 0.006711
0 0.415041 0.391946 0.004223 0.030872
0 0.423185 0.310067 0.003217 0.014765
0 0.424693 0.338926 0.001408 0.016107
0 0.426604 0.314094 0.002011 0.017450
0 0.440579 0.358389 0.012266 0.138255
0 0.464408 0.338926 0.053891 0.163758
0 0.447215 0.233557 0.003016 0.020134
0 0.448723 0.273154 0.005228 0.010738
0 0.465212 0.134228 0.005630 0.057718
0 0.469837 0.180537 0.014076 0.150336
0 0.465212 0.288591 0.002011 0.009396
0 0.465815 0.351007 0.002011 0.016107
0 0.477478 0.298658 0.002413 0.024161
0 0.489745 0.177852 0.012467 0.134228
0 0.492158 0.334228 0.016891 0.092617
0 0.488538 0.261074 0.007239 0.034899
0 0.495174 0.276510 0.005228 0.017450
0 0.507038 0.226846 0.023326 0.108725
0 0.514076 0.169128 0.026141 0.132886
0 0.509049 0.338255 0.003217 0.022819
0 0.510356 0.293960 0.002212 0.012081
0 0.518802 0.207383 0.012668 0.144966
0 0.515685 0.336913 0.005228 0.097987
0 0.523225 0.329530 0.013473 0.102013
0 0.523628 0.287248 0.001408 0.009396
0 0.560929 0.184564 0.074804 0.158389
0 0.615825 0.295302 0.177358 0.092617
0 0.539413 0.350336 0.018098 0.108725
0 0.554394 0.362416 0.014277 0.111409
0 0.583551 0.360403 0.054494 0.131544
0 0.573195 0.317450 0.003217 0.045638
0 0.590388 0.329530 0.003821 0.059060
0 0.593807 0.233557 0.002614 0.065772
0 0.650714 0.304698 0.001408 0.009396
0 0.686809 0.311409 0.001609 0.009396
0 0.688619 0.318792 0.001609 0.010738
0 0.692841 0.265101 0.002413 0.013423
0 0.691936 0.308054 0.000603 0.008054
0 0.693746 0.314765 0.001005 0.005369
0 0.695657 0.331544 0.001609 0.009396
0 0.699678 0.340268 0.002413 0.013423
0 0.701086 0.406040 0.003620 0.018792
0 0.699879 0.359060 0.000804 0.008054
0 0.701890 0.236242 0.001609 0.009396
0 0.702091 0.336242 0.002011 0.013423
0 0.703097 0.353020 0.002815 0.017450
0 0.703599 0.393960 0.001810 0.037584
1 0.001207 0.432215 0.002212 0.025503
1 0.023829 0.495302 0.009652 0.079195
1 0.028856 0.515436 0.006033 0.030872
1 0.034386 0.510738 0.003821 0.016107
1 0.050171 0.500000 0.017293 0.072483
1 0.060426 0.496644 0.005630 0.057718
1 0.066057 0.491946 0.004826 0.072483
1 0.071989 1.038255 0.001408 0.008054
1 0.073296 0.481208 0.002815 0.040268
1 0.198472 0.441611 0.001005 0.009396
1 0.242610 0.438255 0.008043 0.040268
1 0.271868 0.442282 0.009049 0.042953
1 0.289363 0.325503 0.002614 0.026846
1 0.321235 0.291275 0.002011 0.020134
1 0.338629 0.442282 0.007440 0.034899
1 0.343455 0.290604 0.004223 0.026846
1 0.342349 0.338255 0.002011 0.012081
1 0.356525 0.252349 0.000201 0.001342
1 0.358033 0.270470 0.003217 0.032215
1 0.384275 0.437584 0.007038 0.041611
1 0.384275 0.346980 0.002614 0.024161
1 0.415443 0.376510 0.004223 0.026846
1 0.437362 0.275168 0.001810 0.022819
1 0.466519 0.447651 0.005027 0.037584
1 0.477981 0.448993 0.007038 0.034899
1 0.498391 0.274497 0.003620 0.026846
1 0.526845 0.436913 0.012266 0.045638
1 0.534587 0.307383 0.002413 0.022819
1 0.547657 0.444966 0.007239 0.032215
1 0.609592 0.442282 0.005630 0.026846
1 0.618440 0.444295 0.006033 0.036242
1 0.637543 0.350336 0.004424 0.046980
1 0.696059 0.456376 0.002413 0.014765
1 0.698874 0.450336 0.003620 0.026846
1 0.737784 0.575839 0.004625 0.025503
1 0.913533 0.682550 0.012668 0.048322
1 0.930424 0.351678 0.004625 0.014765
2 0.138649 0.269128 0.001207 0.008054
2 0.247537 0.513423 0.001408 0.008054
2 0.292178 0.350336 0.004625 0.033557
2 0.306455 0.392617 0.003016 0.026846
2 0.408204 0.318792 0.001408 0.005369
2 0.588679 0.446980 0.002011 0.012081
2 0.648200 0.377181 0.089684 0.073826
2 0.691032 0.403356 0.004022 0.018792
2 0.747738 0.414094 0.107380 0.080537
2 0.840438 0.414765 0.022119 0.041611
2 0.863664 0.401342 0.002212 0.012081
2 0.955862 0.418792 0.096119 0.073826
2 0.000101 0.440940 0.005630 0.018792
2 0.003117 0.330872 0.001609 0.008054
2 0.003217 0.356376 0.001408 0.010738
2 0.003318 0.387919 0.001207 0.009396
2 0.003519 0.311409 0.000804 0.009396
2 0.003519 0.448993 0.000804 0.008054
2 0.003519 0.528859 0.000804 0.033557
2 0.003620 0.246309 0.000603 0.042953
2 0.003620 0.615436 0.000603 0.032215
3 0.000603 0.320805 0.001005 0.012081
3 0.023427 0.327517 0.040217 0.028188
3 0.053187 0.322819 0.007641 0.010738
3 0.063744 0.324161 0.007842 0.016107
3 0.071184 0.466443 0.002614 0.029530
3 0.086769 0.327517 0.002011 0.014765
3 0.088277 0.332215 0.001005 0.005369
3 0.133923 0.326174 0.066157 0.030872
3 0.123065 0.085906 0.003016 0.022819
3 0.171325 0.336913 0.007842 0.022819
3 0.195958 0.332886 0.015283 0.020134
3 0.204705 0.406040 0.003418 0.032215
3 0.245325 0.330201 0.029962 0.017450
3 0.266941 0.330201 0.005630 0.012081
3 0.276594 0.336913 0.004826 0.022819
3 0.284436 0.321477 0.002413 0.013423
3 0.287553 0.333557 0.006234 0.016107
3 0.339936 0.340268 0.004826 0.013423
3 0.340438 0.486577 0.002614 0.013423
3 0.349990 0.337584 0.014478 0.018792
3 0.370099 0.310067 0.001609 0.012081
3 0.375628 0.340268 0.012668 0.016107
3 0.400362 0.340268 0.009049 0.016107
3 0.425096 0.344966 0.009049 0.041611
3 0.435451 0.340940 0.002413 0.014765
3 0.458978 0.341611 0.013674 0.021477
3 0.461090 0.555034 0.004223 0.026846
3 0.477679 0.340268 0.002011 0.013423
3 0.514378 0.343624 0.017494 0.087248
3 0.544742 0.342282 0.028353 0.022819
3 0.584255 0.346309 0.012065 0.025503
3 0.614820 0.342953 0.004424 0.016107
3 0.633923 0.340268 0.006033 0.021477
3 0.648602 0.339597 0.015685 0.060403
3 0.666399 0.346980 0.009049 0.016107
3 0.751257 0.348993 0.142570 0.022819
3 0.837020 0.353020 0.016489 0.017450
3 0.832998 0.526846 0.001207 0.010738
3 0.859944 0.357718 0.008043 0.016107
3 0.875126 0.131544 0.005429 0.041611
3 0.899055 0.128188 0.003418 0.021477
3 0.920471 0.356376 0.036598 0.024161
3 0.960386 0.355705 0.025136 0.012081
3 0.987231 0.357718 0.020511 0.010738
4 0.034185 0.183221 0.001408 0.008054
4 0.054997 0.447651 0.001609 0.010738
4 0.095616 0.227517 0.002413 0.018792
4 0.109994 0.404027 0.002212 0.009396
4 0.136839 0.323490 0.004424 0.033557
4 0.140660 0.110738 0.001609 0.013423
4 0.144782 0.148322 0.004223 0.026846
4 0.144480 0.111409 0.001609 0.014765
4 0.301126 0.785235 0.001207 0.009396
4 0.378846 0.389933 0.003016 0.029530
4 0.393022 0.491946 0.004826 0.018792
4 0.414237 0.496644 0.007842 0.028188
4 0.429821 0.576510 0.002815 0.051007
4 0.458275 0.642282 0.003821 0.021477
4 0.465112 0.400000 0.002614 0.046980
4 0.474362 0.403356 0.003016 0.051007
4 0.475568 0.635570 0.002212 0.029530
4 0.478785 0.661074 0.001810 0.018792
4 0.505530 0.622148 0.002212 0.045638
4 0.506736 0.428188 0.003016 0.025503
4 0.508948 0.620805 0.003418 0.042953
4 0.514780 0.307383 0.004625 0.014765
4 0.523628 0.329530 0.006234 0.026846
4 0.531772 0.601342 0.004424 0.044295
4 0.536497 0.297987 0.003016 0.014765
4 0.538810 0.497987 0.004022 0.025503
4 0.553187 0.606040 0.003016 0.042953
4 0.568570 0.679195 0.008446 0.028188
4 0.566660 0.322819 0.001408 0.016107
4 0.570481 0.351678 0.002614 0.014765
4 0.582345 0.661745 0.002614 0.025503
4 0.588076 0.463758 0.003217 0.016107
4 0.592701 0.746309 0.001609 0.009396
4 0.594510 0.631544 0.003217 0.026846
4 0.598834 0.651678 0.005429 0.040268
4 0.604263 0.329530 0.003418 0.010738
4 0.609893 0.646309 0.003821 0.034899
4 0.614317 0.679866 0.003821 0.026846
4 0.614317 0.342282 0.003418 0.028188
4 0.622662 0.363758 0.003217 0.014765
4 0.625980 0.633557 0.003821 0.055034
4 0.635130 0.362416 0.002413 0.038926
4 0.635934 0.614765 0.004022 0.065772
4 0.638448 0.415436 0.005027 0.112752
4 0.638347 0.693960 0.004022 0.028188
4 0.640559 0.511409 0.005228 0.022819
4 0.640961 0.342953 0.001609 0.026846
4 0.642469 0.644295 0.003821 0.063087
4 0.644179 0.502013 0.002413 0.025503
4 0.647999 0.663087 0.010054 0.084564
4 0.650613 0.545638 0.005630 0.026846
4 0.650814 0.362416 0.004424 0.055034
4 0.660165 0.498658 0.017897 0.185235
4 0.653630 0.600000 0.004826 0.060403
4 0.656143 0.383893 0.005831 0.087248
4 0.657048 0.325503 0.005630 0.024161
4 0.655640 0.652349 0.002815 0.038926
4 0.656244 0.704027 0.002413 0.013423
4 0.664388 0.697987 0.005429 0.025503
4 0.663684 0.663087 0.003217 0.025503
4 0.664488 0.637584 0.003620 0.025503
4 0.671928 0.632215 0.006033 0.114094
4 0.672833 0.369128 0.003016 0.022819
4 0.675045 0.405369 0.004223 0.020134
4 0.676754 0.379866 0.004022 0.025503
4 0.680072 0.687248 0.009451 0.044295
4 0.683591 0.326846 0.010456 0.026846
4 0.683994 0.500000 0.008043 0.034899
4 0.688518 0.420805 0.005429 0.088591
4 0.696662 0.661745 0.006837 0.060403
4 0.715464 0.518121 0.005831 0.017450
4 0.724713 0.380537 0.007842 0.104698
4 0.723507 0.640268 0.005429 0.095302
4 0.725116 0.501342 0.004223 0.026846
4 0.728434 0.448993 0.001207 0.008054
4 0.733963 0.685235 0.005027 0.016107
4 0.740197 0.666443 0.003821 0.045638
4 0.749246 0.412752 0.005831 0.099329
4 0.751156 0.658389 0.004022 0.018792
4 0.757189 0.503356 0.003620 0.020134
4 0.760406 0.663758 0.003217 0.024161
4 0.761110 0.397987 0.003821 0.061745
4 0.763221 0.461745 0.007641 0.041611
4 0.764730 0.690604 0.005027 0.021477
4 0.767947 0.500671 0.003016 0.030872
4 0.778001 0.682550 0.004223 0.029530
4 0.802232 0.509396 0.004022 0.013423
4 0.808164 0.500000 0.009049 0.029530
