0 0.003223 0.162581 0.003022 0.011613
0 0.002820 0.209677 0.002216 0.036129
0 0.004230 0.261935 0.005036 0.045161
0 0.004230 0.310968 0.005036 0.032258
0 0.003022 0.180000 0.001813 0.012903
0 0.004230 0.243871 0.003828 0.021935
0 0.002720 0.279355 0.000806 0.007742
0 0.007051 0.229677 0.005036 0.016774
0 0.005540 0.188387 0.001209 0.009032
0 0.006547 0.207742 0.002417 0.014194
0 0.006446 0.158710 0.001813 0.011613
0 0.007655 0.172903 0.002216 0.014194
0 0.014202 0.248387 0.013296 0.049032
0 0.008864 0.189032 0.001813 0.015484
0 0.010576 0.207097 0.002015 0.033548
0 0.011785 0.180645 0.001612 0.011613
0 0.014001 0.221935 0.000806 0.006452
0 0.015713 0.198710 0.001813 0.021935
0 0.017023 0.266452 0.002015 0.012903
0 0.018735 0.209677 0.001813 0.012903
0 0.019339 0.258710 0.002216 0.012903
0 0.020246 0.291613 0.002015 0.016774
0 0.026390 0.271613 0.004633 0.030968
0 0.033441 0.260000 0.002216 0.015484
0 0.051974 0.196129 0.001813 0.016774
0 0.053485 0.269677 0.004432 0.016774
0 0.056003 0.172258 0.004230 0.012903
0 0.062047 0.245161 0.007857 0.078710
0 0.063759 0.236129 0.002417 0.014194
0 0.064766 0.210323 0.002015 0.011613
0 0.156527 0.265806 0.094077 0.117419
0 0.165189 0.196774 0.002216 0.012903
0 0.196716 0.193548 0.002015 0.011613
0 0.200745 0.266452 0.002015 0.012903
0 0.207293 0.275484 0.002216 0.012903
0 0.207393 0.234194 0.001612 0.012903
0 0.208904 0.194839 0.001813 0.014194
0 0.210113 0.249032 0.003425 0.021935
0 0.211624 0.201935 0.002820 0.015484
0 0.212127 0.276129 0.003425 0.024516
0 0.216761 0.257419 0.005842 0.025806
0 0.216559 0.323871 0.002216 0.011613
0 0.217365 0.338710 0.001410 0.007742
0 0.218977 0.289677 0.002216 0.015484
0 0.219581 0.216774 0.002619 0.014194
0 0.220286 0.305161 0.001612 0.010323
0 0.222603 0.238710 0.002619 0.024516
0 0.225624 0.274194 0.006245 0.059355
0 0.225322 0.226452 0.003223 0.018065
0 0.229654 0.213548 0.004230 0.036129
0 0.232373 0.266452 0.008461 0.064516
0 0.232172 0.313548 0.002417 0.016774
0 0.233380 0.205161 0.002417 0.014194
0 0.233985 0.176774 0.002417 0.014194
0 0.237208 0.218710 0.002417 0.015484
0 0.239122 0.255484 0.003828 0.045161
0 0.240633 0.220000 0.002820 0.015484
0 0.241136 0.300645 0.002619 0.019355
0 0.292405 0.256774 0.103143 0.101935
0 0.242748 0.247742 0.001813 0.024516
0 0.245467 0.218065 0.002417 0.014194
0 0.245669 0.241290 0.002820 0.016774
0 0.246978 0.302581 0.003425 0.012903
0 0.248892 0.256774 0.003626 0.024516
0 0.248187 0.221290 0.001813 0.012903
0 0.251511 0.220000 0.003626 0.023226
0 0.253122 0.237419 0.003223 0.019355
0 0.256044 0.201290 0.003425 0.014194
0 0.256044 0.269032 0.001813 0.010323
0 0.257353 0.226452 0.002820 0.015484
0 0.261583 0.200000 0.004835 0.011613
0 0.261583 0.263871 0.003223 0.018065
0 0.262691 0.230323 0.002619 0.015484
0 0.265612 0.218065 0.003626 0.016774
0 0.266015 0.246452 0.003626 0.016774
0 0.265814 0.186452 0.002417 0.015484
0 0.267728 0.203871 0.003022 0.009032
0 0.268131 0.307742 0.003022 0.020645
0 0.268936 0.263871 0.001813 0.010323
0 0.269944 0.238065 0.003425 0.025806
0 0.298449 0.209677 0.057615 0.038710
0 0.273268 0.265806 0.003626 0.016774
0 0.273469 0.243871 0.001612 0.011613
0 0.277095 0.190323 0.002417 0.010323
0 0.277196 0.246452 0.002619 0.014194
0 0.279110 0.231613 0.002820 0.015484
0 0.279613 0.265161 0.003022 0.018065
0 0.281728 0.245806 0.002015 0.010323
0 0.283743 0.238710 0.002015 0.011613
0 0.284146 0.325806 0.001612 0.012903
0 0.286362 0.229677 0.002417 0.011613
0 0.286261 0.254194 0.001410 0.009032
0 0.288175 0.256129 0.004029 0.030968
0 0.291902 0.240645 0.002216 0.023226
0 0.295729 0.240645 0.004633 0.023226
0 0.295125 0.318710 0.001813 0.011613
0 0.298046 0.303226 0.002820 0.014194
0 0.298449 0.321935 0.002820 0.012903
0 0.299859 0.256129 0.004029 0.015484
0 0.304795 0.264516 0.004230 0.011613
0 0.305500 0.243871 0.003223 0.024516
0 0.310234 0.257419 0.005036 0.020645
0 0.312349 0.243871 0.007252 0.021935
0 0.319198 0.258710 0.002417 0.015484
0 0.322824 0.230323 0.004835 0.012903
0 0.321616 0.269032 0.001209 0.005161
0 0.323529 0.249677 0.003828 0.015484
0 0.331688 0.294194 0.002015 0.011613
0 0.333904 0.242581 0.001209 0.009032
0 0.341257 0.234839 0.003022 0.019355
0 0.341459 0.307742 0.003022 0.015484
0 0.342768 0.254194 0.004432 0.014194
0 0.343674 0.224516 0.002619 0.021935
0 0.345185 0.310323 0.003626 0.036129
0 0.344984 0.281290 0.001612 0.006452
0 0.345689 0.217419 0.002216 0.015484
0 0.347502 0.338710 0.005439 0.036129
0 0.346797 0.234839 0.002820 0.014194
0 0.354351 0.283226 0.017929 0.072258
0 0.349517 0.226452 0.002216 0.012903
0 0.350222 0.203871 0.002015 0.011613
0 0.355359 0.228387 0.008662 0.029677
0 0.355661 0.196774 0.002417 0.018065
0 0.362712 0.327097 0.013699 0.092903
0 0.358582 0.301290 0.003022 0.012903
0 0.358884 0.195484 0.002015 0.018065
0 0.361906 0.132258 0.003223 0.064516
0 0.363114 0.214839 0.003223 0.012903
0 0.363719 0.185161 0.002820 0.018065
0 0.370367 0.144516 0.014504 0.076129
0 0.364827 0.272903 0.003425 0.015484
0 0.364424 0.243871 0.001410 0.009032
0 0.367345 0.214194 0.006446 0.138065
0 0.364827 0.229032 0.001410 0.010323
0 0.372280 0.329032 0.008259 0.078710
0 0.407836 0.249032 0.076148 0.047742
0 0.373993 0.208387 0.008058 0.023226
0 0.376511 0.132903 0.011080 0.076129
0 0.376410 0.285161 0.004029 0.014194
0 0.380439 0.225806 0.009267 0.040000
0 0.378425 0.174194 0.004432 0.058065
0 0.382857 0.275484 0.002820 0.018065
0 0.393030 0.294194 0.002619 0.014194
0 0.404311 0.310323 0.005439 0.015484
0 0.450141 0.148387 0.085415 0.150968
0 0.412470 0.378065 0.002015 0.006452
0 0.415794 0.376774 0.004230 0.029677
0 0.423952 0.298065 0.003223 0.014194
0 0.425463 0.325806 0.001410 0.015484
0 0.427377 0.301935 0.002015 0.016774
0 0.441378 0.344516 0.012288 0.132903
0 0.465250 0.325806 0.053989 0.157419
0 0.448026 0.224516 0.003022 0.019355
0 0.449537 0.262581 0.005238 0.010323
0 0.466056 0.129032 0.005641 0.055484
0 0.470689 0.173548 0.014102 0.144516
0 0.466056 0.277419 0.002015 0.009032
0 0.466660 0.337419 0.002015 0.015484
0 0.478344 0.287097 0.002417 0.023226
0 0.490633 0.170968 0.012490 0.129032
0 0.493050 0.321290 0.016922 0.089032
0 0.489424 0.250968 0.007252 0.033548
0 0.496072 0.265806 0.005238 0.016774
0 0.507957 0.218065 0.023368 0.104516
0 0.515008 0.162581 0.026189 0.127742
0 0.509972 0.325161 0.003223 0.021935
0 0.511281 0.282581 0.002216 0.011613
0 0.519742 0.199355 0.012691 0.139355
0 0.516620 0.323871 0.005238 0.094194
0 0.524174 0.316774 0.013497 0.098065
0 0.524577 0.276129 0.001410 0.009032
0 0.561946 0.177419 0.074940 0.152258
0 0.616942 0.283871 0.177679 0.089032
0 0.540391 0.336774 0.018131 0.104516
0 0.555399 0.348387 0.014303 0.107097
0 0.584609 0.346452 0.054593 0.126452
0 0.574234 0.305161 0.003223 0.043871
0 0.591459 0.316774 0.003828 0.056774
0 0.594883 0.224516 0.002619 0.063226
0 0.651894 0.292903 0.001410 0.009032
0 0.688054 0.299355 0.001612 0.009032
0 0.689867 0.306452 0.001612 0.010323
0 0.694098 0.254839 0.002417 0.012903
0 0.693191 0.296129 0.000604 0.007742
0 0.695004 0.302581 0.001007 0.005161
0 0.696918 0.318710 0.001612 0.009032
0 0.700947 0.327097 0.002417 0.012903
0 0.702357 0.390323 0.003626 0.018065
0 0.701148 0.345161 0.000806 0.007742
0 0.703163 0.227097 0.001612 0.009032
0 0.703364 0.323226 0.002015 0.012903
0 0.704371 0.339355 0.002820 0.016774
0 0.704875 0.378710 0.001813 0.036129
1 0.001209 0.415484 0.002216 0.024516
1 0.023872 0.476129 0.009670 0.076129
1 0.028908 0.495484 0.006044 0.029677
1 0.034448 0.490968 0.003828 0.015484
1 0.050262 0.480645 0.017325 0.069677
1 0.060536 0.477419 0.005641 0.055484
1 0.066176 0.472903 0.004835 0.069677
1 0.072119 0.998065 0.001410 0.007742
1 0.073429 0.462581 0.002820 0.038710
1 0.198832 0.424516 0.001007 0.009032
1 0.243050 0.421290 0.008058 0.038710
1 0.272361 0.425161 0.009065 0.041290
1 0.289887 0.312903 0.002619 0.025806
1 0.321817 0.280000 0.002015 0.019355
1 0.339243 0.425161 0.007454 0.033548
1 0.344077 0.279355 0.004230 0.025806
1 0.342969 0.325161 0.002015 0.011613
1 0.357172 0.242581 0.000201 0.001290
1 0.358683 0.260000 0.003223 0.030968
1 0.384972 0.420645 0.007051 0.040000
1 0.384972 0.333548 0.002619 0.023226
1 0.416197 0.361935 0.004230 0.025806
1 0.438155 0.264516 0.001813 0.021935
1 0.467365 0.430323 0.005036 0.036129
1 0.478848 0.431613 0.007051 0.033548
1 0.499295 0.263871 0.003626 0.025806
1 0.527800 0.420000 0.012288 0.043871
1 0.535556 0.295484 0.002417 0.021935
1 0.548650 0.427742 0.007252 0.030968
1 0.610697 0.425161 0.005641 0.025806
1 0.619561 0.427097 0.006044 0.034839
1 0.638699 0.336774 0.004432 0.045161
1 0.697321 0.438710 0.002417 0.014194
1 0.700141 0.432903 0.003626 0.025806
1 0.739122 0.553548 0.004633 0.024516
1 0.915189 0.656129 0.012691 0.046452
1 0.932111 0.338065 0.004633 0.014194
2 0.138900 0.258710 0.001209 0.007742
2 0.247985 0.493548 0.001410 0.007742
2 0.292707 0.336774 0.004633 0.032258
2 0.307010 0.377419 0.003022 0.025806
2 0.408944 0.306452 0.001410 0.005161
2 0.589746 0.429677 0.002015 0.011613
2 0.649376 0.362581 0.089847 0.070968
2 0.692284 0.387742 0.004029 0.018065
2 0.749093 0.398065 0.107575 0.077419
2 0.841962 0.398710 0.022160 0.040000
2 0.865230 0.385806 0.002216 0.011613
2 0.957595 0.402581 0.096293 0.070968
2 0.001914 0.423871 0.005641 0.018065
2 0.004936 0.318065 0.001612 0.007742
2 0.005036 0.342581 0.001410 0.010323
2 0.005137 0.372903 0.001209 0.009032
2 0.005338 0.299355 0.000806 0.009032
2 0.005338 0.431613 0.000806 0.007742
2 0.005338 0.508387 0.000806 0.032258
2 0.005439 0.236774 0.000604 0.041290
2 0.005439 0.591613 0.000604 0.030968
3 0.000604 0.308387 0.001007 0.011613
3 0.023469 0.314839 0.040290 0.027097
3 0.053284 0.310323 0.007655 0.010323
3 0.063860 0.311613 0.007857 0.015484
3 0.071313 0.448387 0.002619 0.028387
3 0.086926 0.314839 0.002015 0.014194
3 0.088437 0.319355 0.001007 0.005161
3 0.134166 0.313548 0.066277 0.029677
3 0.123288 0.082581 0.003022 0.021935
3 0.171636 0.323871 0.007857 0.021935
3 0.196313 0.320000 0.015310 0.019355
3 0.205077 0.390323 0.003425 0.030968
3 0.245770 0.317419 0.030016 0.016774
3 0.267425 0.317419 0.005641 0.011613
3 0.277095 0.323871 0.004835 0.021935
3 0.284952 0.309032 0.002417 0.012903
3 0.288074 0.320645 0.006245 0.015484
3 0.340552 0.327097 0.004835 0.012903
3 0.341056 0.467742 0.002619 0.012903
3 0.350624 0.324516 0.014504 0.018065
3 0.370770 0.298065 0.001612 0.011613
3 0.376309 0.327097 0.012691 0.015484
3 0.401088 0.327097 0.009065 0.015484
3 0.425866 0.331613 0.009065 0.040000
3 0.436241 0.327742 0.002417 0.014194
3 0.459811 0.328387 0.013699 0.020645
3 0.461926 0.533548 0.004230 0.025806
3 0.478546 0.327097 0.002015 0.012903
3 0.515310 0.330323 0.017526 0.083871
3 0.545729 0.329032 0.028405 0.021935
3 0.585314 0.332903 0.012087 0.024516
3 0.615935 0.329677 0.004432 0.015484
3 0.635073 0.327097 0.006044 0.020645
3 0.649778 0.326452 0.015713 0.058065
3 0.667607 0.333548 0.009065 0.015484
3 0.752619 0.335484 0.142828 0.021935
3 0.838537 0.339355 0.016519 0.016774
3 0.834508 0.506452 0.001209 0.010323
3 0.861503 0.343871 0.008058 0.015484
3 0.876712 0.126452 0.005439 0.040000
3 0.900685 0.123226 0.003425 0.020645
3 0.922139 0.342581 0.036664 0.023226
3 0.962127 0.341935 0.025181 0.011613
3 0.989021 0.343871 0.020548 0.010323
4 0.034247 0.176129 0.001410 0.007742
4 0.055097 0.430323 0.001612 0.010323
4 0.095790 0.218710 0.002417 0.018065
4 0.110193 0.388387 0.002216 0.009032
4 0.137087 0.310968 0.004432 0.032258
4 0.140915 0.106452 0.001612 0.012903
4 0.145044 0.142581 0.004230 0.025806
4 0.144742 0.107097 0.001612 0.014194
4 0.301672 0.754839 0.001209 0.009032
4 0.379533 0.374839 0.003022 0.028387
4 0.393735 0.472903 0.004835 0.018065
4 0.414988 0.477419 0.007857 0.027097
4 0.430600 0.554194 0.002820 0.049032
4 0.459106 0.617419 0.003828 0.020645
4 0.465955 0.384516 0.002619 0.045161
4 0.475222 0.387742 0.003022 0.049032
4 0.476430 0.610968 0.002216 0.028387
4 0.479654 0.635484 0.001813 0.018065
4 0.506446 0.598065 0.002216 0.043871
4 0.507655 0.411613 0.003022 0.024516
4 0.509871 0.596774 0.003425 0.041290
4 0.515713 0.295484 0.004633 0.014194
4 0.524577 0.316774 0.006245 0.025806
4 0.532736 0.578065 0.004432 0.042581
4 0.537470 0.286452 0.003022 0.014194
4 0.539786 0.478710 0.004029 0.024516
4 0.554190 0.582581 0.003022 0.041290
4 0.569601 0.652903 0.008461 0.027097
4 0.567687 0.310323 0.001410 0.015484
4 0.571515 0.338065 0.002619 0.014194
4 0.583400 0.636129 0.002619 0.024516
4 0.589142 0.445806 0.003223 0.015484
4 0.593775 0.717419 0.001612 0.009032
4 0.595588 0.607097 0.003223 0.025806
4 0.599919 0.626452 0.005439 0.038710
4 0.605359 0.316774 0.003425 0.010323
4 0.610999 0.621290 0.003828 0.033548
4 0.615431 0.653548 0.003828 0.025806
4 0.615431 0.329032 0.003425 0.027097
4 0.623791 0.349677 0.003223 0.014194
4 0.627115 0.609032 0.003828 0.052903
4 0.636281 0.348387 0.002417 0.037419
4 0.637087 0.590968 0.004029 0.063226
4 0.639605 0.399355 0.005036 0.108387
4 0.639504 0.667097 0.004029 0.027097
4 0.641720 0.491613 0.005238 0.021935
4 0.642123 0.329677 0.001612 0.025806
4 0.643634 0.619355 0.003828 0.060645
4 0.645346 0.482581 0.002417 0.024516
4 0.649174 0.637419 0.010073 0.081290
4 0.651793 0.524516 0.005641 0.025806
4 0.651994 0.348387 0.004432 0.052903
4 0.661362 0.479355 0.017929 0.178065
4 0.654815 0.576774 0.004835 0.058065
4 0.657333 0.369032 0.005842 0.083871
4 0.658239 0.312903 0.005641 0.023226
4 0.656829 0.627097 0.002820 0.037419
4 0.657434 0.676774 0.002417 0.012903
4 0.665592 0.670968 0.005439 0.024516
4 0.664887 0.637419 0.003223 0.024516
4 0.665693 0.612903 0.003626 0.024516
4 0.673147 0.607742 0.006044 0.109677
4 0.674053 0.354839 0.003022 0.021935
4 0.676269 0.389677 0.004230 0.019355
4 0.677981 0.365161 0.004029 0.024516
4 0.681305 0.660645 0.009468 0.042581
4 0.684831 0.314194 0.010475 0.025806
4 0.685234 0.480645 0.008058 0.033548
4 0.689766 0.404516 0.005439 0.085161
4 0.697925 0.636129 0.006849 0.058065
4 0.716761 0.498065 0.005842 0.016774
4 0.726027 0.365806 0.007857 0.100645
4 0.724819 0.615484 0.005439 0.091613
4 0.726430 0.481935 0.004230 0.025806
4 0.729754 0.431613 0.001209 0.007742
4 0.735294 0.658710 0.005036 0.015484
4 0.741539 0.640645 0.003828 0.043871
4 0.750604 0.396774 0.005842 0.095484
4 0.752518 0.632903 0.004029 0.018065
4 0.758562 0.483871 0.003626 0.019355
4 0.761785 0.638065 0.003223 0.023226
4 0.762490 0.382581 0.003828 0.059355
4 0.764605 0.443871 0.007655 0.040000
4 0.766116 0.663871 0.005036 0.020645
4 0.769339 0.481290 0.003022 0.029677
4 0.779412 0.656129 0.004230 0.028387
4 0.803687 0.489677 0.004029 0.012903
4 0.809629 0.480645 0.009065 0.028387
