0 0.003879 0.183673 0.003636 0.013120
0 0.003394 0.236880 0.002667 0.040816
0 0.005091 0.295918 0.006061 0.051020
0 0.005091 0.351312 0.006061 0.036443
0 0.003636 0.203353 0.002182 0.014577
0 0.005091 0.275510 0.004606 0.024781
0 0.003273 0.315598 0.000970 0.008746
0 0.008485 0.259475 0.006061 0.018950
0 0.006667 0.212828 0.001455 0.010204
0 0.007879 0.234694 0.002909 0.016035
0 0.007758 0.179300 0.002182 0.013120
0 0.009212 0.195335 0.002667 0.016035
0 0.017091 0.280612 0.016000 0.055394
0 0.010667 0.213557 0.002182 0.017493
0 0.012727 0.233965 0.002424 0.037901
0 0.014182 0.204082 0.001939 0.013120
0 0.016848 0.250729 0.000970 0.007289
0 0.018909 0.224490 0.002182 0.024781
0 0.020485 0.301020 0.002424 0.014577
0 0.022545 0.236880 0.002182 0.014577
0 0.023273 0.292274 0.002667 0.014577
0 0.024364 0.329446 0.002424 0.018950
0 0.031758 0.306851 0.005576 0.034985
0 0.040242 0.293732 0.002667 0.017493
0 0.062545 0.221574 0.002182 0.018950
0 0.064364 0.304665 0.005333 0.018950
0 0.067394 0.194606 0.005091 0.014577
0 0.074667 0.276968 0.009455 0.088921
0 0.076727 0.266764 0.002909 0.016035
0 0.077939 0.237609 0.002424 0.013120
0 0.188364 0.300292 0.113212 0.132653
0 0.198788 0.222303 0.002667 0.014577
0 0.236727 0.218659 0.002424 0.013120
0 0.241576 0.301020 0.002424 0.014577
0 0.249455 0.311224 0.002667 0.014577
0 0.249576 0.264577 0.001939 0.014577
0 0.251394 0.220117 0.002182 0.016035
0 0.252848 0.281341 0.004121 0.024781
0 0.254667 0.228134 0.003394 0.017493
0 0.255273 0.311953 0.004121 0.027697
0 0.260848 0.290816 0.007030 0.029155
0 0.260606 0.365889 0.002667 0.013120
0 0.261576 0.382653 0.001697 0.008746
0 0.263515 0.327259 0.002667 0.017493
0 0.264242 0.244898 0.003152 0.016035
0 0.265091 0.344752 0.001939 0.011662
0 0.267879 0.269679 0.003152 0.027697
0 0.271515 0.309767 0.007515 0.067055
0 0.271152 0.255831 0.003879 0.020408
0 0.276364 0.241254 0.005091 0.040816
0 0.279636 0.301020 0.010182 0.072886
0 0.279394 0.354227 0.002909 0.018950
0 0.280848 0.231778 0.002909 0.016035
0 0.281576 0.199708 0.002909 0.016035
0 0.285455 0.247085 0.002909 0.017493
0 0.287758 0.288630 0.004606 0.051020
0 0.289576 0.248542 0.003394 0.017493
0 0.290182 0.339650 0.003152 0.021866
0 0.351879 0.290087 0.124121 0.115160
0 0.292121 0.279883 0.002182 0.027697
0 0.295394 0.246356 0.002909 0.016035
0 0.295636 0.272595 0.003394 0.018950
0 0.297212 0.341837 0.004121 0.014577
0 0.299515 0.290087 0.004364 0.027697
0 0.298667 0.250000 0.002182 0.014577
0 0.302667 0.248542 0.004364 0.026239
0 0.304606 0.268222 0.003879 0.021866
0 0.308121 0.227405 0.004121 0.016035
0 0.308121 0.303936 0.002182 0.011662
0 0.309697 0.255831 0.003394 0.017493
0 0.314788 0.225948 0.005818 0.013120
0 0.314788 0.298105 0.003879 0.020408
0 0.316121 0.260204 0.003152 0.017493
0 0.319636 0.246356 0.004364 0.018950
0 0.320121 0.278426 0.004364 0.018950
0 0.319879 0.210641 0.002909 0.017493
0 0.322182 0.230321 0.003636 0.010204
0 0.322667 0.347668 0.003636 0.023324
0 0.323636 0.298105 0.002182 0.011662
0 0.324848 0.268950 0.004121 0.029155
0 0.359152 0.236880 0.069333 0.043732
0 0.328848 0.300292 0.004364 0.018950
0 0.329091 0.275510 0.001939 0.013120
0 0.333455 0.215015 0.002909 0.011662
0 0.333576 0.278426 0.003152 0.016035
0 0.335879 0.261662 0.003394 0.017493
0 0.336485 0.299563 0.003636 0.020408
0 0.339030 0.277697 0.002424 0.011662
0 0.341455 0.269679 0.002424 0.013120
0 0.341939 0.368076 0.001939 0.014577
0 0.344606 0.259475 0.002909 0.013120
0 0.344485 0.287172 0.001697 0.010204
0 0.346788 0.289359 0.004848 0.034985
0 0.351273 0.271866 0.002667 0.026239
0 0.355879 0.271866 0.005576 0.026239
0 0.355152 0.360058 0.002182 0.013120
0 0.358667 0.342566 0.003394 0.016035
0 0.359152 0.363703 0.003394 0.014577
0 0.360848 0.289359 0.004848 0.017493
0 0.366788 0.298834 0.005091 0.013120
0 0.367636 0.275510 0.003879 0.027697
0 0.373333 0.290816 0.006061 0.023324
0 0.375879 0.275510 0.008727 0.024781
0 0.384121 0.292274 0.002909 0.017493
0 0.388485 0.260204 0.005818 0.014577
0 0.387030 0.303936 0.001455 0.005831
0 0.389333 0.282070 0.004606 0.017493
0 0.399152 0.332362 0.002424 0.013120
0 0.401818 0.274052 0.001455 0.010204
0 0.410667 0.265306 0.003636 0.021866
0 0.410909 0.347668 0.003636 0.017493
0 0.412485 0.287172 0.005333 0.016035
0 0.413576 0.253644 0.003152 0.024781
0 0.415394 0.350583 0.004364 0.040816
0 0.415152 0.317784 0.001939 0.007289
0 0.416000 0.245627 0.002667 0.017493
0 0.418182 0.382653 0.006545 0.040816
0 0.417333 0.265306 0.003394 0.016035
0 0.426424 0.319971 0.021576 0.081633
0 0.420606 0.255831 0.002667 0.014577
0 0.421455 0.230321 0.002424 0.013120
0 0.427636 0.258017 0.010424 0.033528
0 0.428000 0.222303 0.002909 0.020408
0 0.436485 0.369534 0.016485 0.104956
0 0.431515 0.340379 0.003636 0.014577
0 0.431879 0.220845 0.002424 0.020408
0 0.435515 0.149417 0.003879 0.072886
0 0.436970 0.242711 0.003879 0.014577
0 0.437697 0.209184 0.003394 0.020408
0 0.445697 0.163265 0.017455 0.086006
0 0.439030 0.308309 0.004121 0.017493
0 0.438545 0.275510 0.001697 0.010204
0 0.442061 0.241983 0.007758 0.155977
0 0.439030 0.258746 0.001697 0.011662
0 0.448000 0.371720 0.009939 0.088921
0 0.490788 0.281341 0.091636 0.053936
0 0.450061 0.235423 0.009697 0.026239
0 0.453091 0.150146 0.013333 0.086006
0 0.452970 0.322157 0.004848 0.016035
0 0.457818 0.255102 0.011152 0.045190
0 0.455394 0.196793 0.005333 0.065598
0 0.460727 0.311224 0.003394 0.020408
0 0.472970 0.332362 0.003152 0.016035
0 0.486545 0.350583 0.006545 0.017493
0 0.541697 0.167638 0.102788 0.170554
0 0.496364 0.427114 0.002424 0.007289
0 0.500364 0.425656 0.005091 0.033528
0 0.510182 0.336735 0.003879 0.016035
0 0.512000 0.368076 0.001697 0.017493
0 0.514303 0.341108 0.002424 0.018950
0 0.531152 0.389213 0.014788 0.150146
0 0.559879 0.368076 0.064970 0.177843
0 0.539152 0.253644 0.003636 0.021866
0 0.540970 0.296647 0.006303 0.011662
0 0.560848 0.145773 0.006788 0.062682
0 0.566424 0.196064 0.016970 0.163265
0 0.560848 0.313411 0.002424 0.010204
0 0.561576 0.381195 0.002424 0.017493
0 0.575636 0.324344 0.002909 0.026239
0 0.590424 0.193149 0.015030 0.145773
0 0.593333 0.362974 0.020364 0.100583
0 0.588970 0.283528 0.008727 0.037901
0 0.596970 0.300292 0.006303 0.018950
0 0.611273 0.246356 0.028121 0.118076
0 0.619758 0.183673 0.031515 0.144315
0 0.613697 0.367347 0.003879 0.024781
0 0.615273 0.319242 0.002667 0.013120
0 0.625455 0.225219 0.015273 0.157434
0 0.621697 0.365889 0.006303 0.106414
0 0.630788 0.357872 0.016242 0.110787
0 0.631273 0.311953 0.001697 0.010204
0 0.676242 0.200437 0.090182 0.172012
0 0.742424 0.320700 0.213818 0.100583
0 0.650303 0.380466 0.021818 0.118076
0 0.668364 0.393586 0.017212 0.120991
0 0.703515 0.391399 0.065697 0.142857
0 0.691030 0.344752 0.003879 0.049563
0 0.711758 0.357872 0.004606 0.064140
0 0.715879 0.253644 0.003152 0.071429
0 0.784485 0.330904 0.001697 0.010204
0 0.828000 0.338192 0.001939 0.010204
0 0.830182 0.346210 0.001939 0.011662
0 0.835273 0.287901 0.002909 0.014577
0 0.834182 0.334548 0.000727 0.008746
0 0.836364 0.341837 0.001212 0.005831
0 0.838667 0.360058 0.001939 0.010204
0 0.843515 0.369534 0.002909 0.014577
0 0.845212 0.440962 0.004364 0.020408
0 0.843758 0.389942 0.000970 0.008746
0 0.846182 0.256560 0.001939 0.010204
0 0.846424 0.365160 0.002424 0.014577
0 0.847636 0.383382 0.003394 0.018950
0 0.848242 0.427843 0.002182 0.040816
1 0.001455 0.469388 0.002667 0.027697
1 0.028727 0.537901 0.011636 0.086006
1 0.034788 0.559767 0.007273 0.033528
1 0.041455 0.554665 0.004606 0.017493
1 0.060485 0.543003 0.020848 0.078717
1 0.072848 0.539359 0.006788 0.062682
1 0.079636 0.534257 0.005818 0.078717
1 0.086788 1.127551 0.001697 0.008746
1 0.088364 0.522595 0.003394 0.043732
1 0.239273 0.479592 0.001212 0.010204
1 0.292485 0.475948 0.009697 0.043732
1 0.327758 0.480321 0.010909 0.046647
1 0.348848 0.353499 0.003152 0.029155
1 0.387273 0.316327 0.002424 0.021866
1 0.408242 0.480321 0.008970 0.037901
1 0.414061 0.315598 0.005091 0.029155
1 0.412727 0.367347 0.002424 0.013120
1 0.429818 0.274052 0.000242 0.001458
1 0.431636 0.293732 0.003879 0.034985
1 0.463273 0.475219 0.008485 0.045190
1 0.463273 0.376822 0.003152 0.026239
1 0.500848 0.408892 0.005091 0.029155
1 0.527273 0.298834 0.002182 0.024781
1 0.562424 0.486152 0.006061 0.040816
1 0.576242 0.487609 0.008485 0.037901
1 0.600848 0.298105 0.004364 0.029155
1 0.635152 0.474490 0.014788 0.049563
1 0.644485 0.333819 0.002909 0.024781
1 0.660242 0.483236 0.008727 0.034985
1 0.734909 0.480321 0.006788 0.029155
1 0.745576 0.482507 0.007273 0.039359
1 0.768606 0.380466 0.005333 0.051020
1 0.839152 0.495627 0.002909 0.016035
1 0.842545 0.489067 0.004364 0.029155
1 0.889455 0.625364 0.005576 0.027697
1 0.101333 0.741254 0.015273 0.052478
1 0.121697 0.381924 0.005576 0.016035
2 0.167152 0.292274 0.001455 0.008746
2 0.298424 0.557580 0.001697 0.008746
2 0.352242 0.380466 0.005576 0.036443
2 0.369455 0.426385 0.003636 0.029155
2 0.492121 0.346210 0.001697 0.005831
2 0.709697 0.485423 0.002424 0.013120
2 0.781455 0.409621 0.108121 0.080175
2 0.833091 0.438047 0.004848 0.020408
2 0.901455 0.449708 0.129455 0.087464
2 0.013212 0.450437 0.026667 0.045190
2 0.041212 0.435860 0.002667 0.013120
2 0.152364 0.454810 0.115879 0.080175
2 0.205697 0.478863 0.006788 0.020408
2 0.209333 0.359329 0.001939 0.008746
2 0.209455 0.387026 0.001697 0.011662
2 0.209576 0.421283 0.001455 0.010204
2 0.209818 0.338192 0.000970 0.010204
2 0.209818 0.487609 0.000970 0.008746
2 0.209818 0.574344 0.000970 0.036443
2 0.209939 0.267493 0.000727 0.046647
2 0.209939 0.668367 0.000727 0.034985
3 0.000727 0.348397 0.001212 0.013120
3 0.028242 0.355685 0.048485 0.030612
3 0.064121 0.350583 0.009212 0.011662
3 0.076848 0.352041 0.009455 0.017493
3 0.085818 0.506560 0.003152 0.032070
3 0.104606 0.355685 0.002424 0.016035
3 0.106424 0.360787 0.001212 0.005831
3 0.161455 0.354227 0.079758 0.033528
3 0.148364 0.093294 0.003636 0.024781
3 0.206545 0.365889 0.009455 0.024781
3 0.236242 0.361516 0.018424 0.021866
3 0.246788 0.440962 0.004121 0.034985
3 0.295758 0.358601 0.036121 0.018950
3 0.321818 0.358601 0.006788 0.013120
3 0.333455 0.365889 0.005818 0.024781
3 0.342909 0.349125 0.002909 0.014577
3 0.346667 0.362245 0.007515 0.017493
3 0.409818 0.369534 0.005818 0.014577
3 0.410424 0.528426 0.003152 0.014577
3 0.421939 0.366618 0.017455 0.020408
3 0.446182 0.336735 0.001939 0.013120
3 0.452848 0.369534 0.015273 0.017493
3 0.482667 0.369534 0.010909 0.017493
3 0.512485 0.374636 0.010909 0.045190
3 0.524970 0.370262 0.002909 0.016035
3 0.553333 0.370991 0.016485 0.023324
3 0.555879 0.602770 0.005091 0.029155
3 0.575879 0.369534 0.002424 0.014577
3 0.620121 0.373178 0.021091 0.094752
3 0.656727 0.371720 0.034182 0.024781
3 0.704364 0.376093 0.014545 0.027697
3 0.741212 0.372449 0.005333 0.017493
3 0.764242 0.369534 0.007273 0.023324
3 0.781939 0.368805 0.018909 0.065598
3 0.803394 0.376822 0.010909 0.017493
3 0.905697 0.379009 0.171879 0.024781
3 0.009091 0.383382 0.019879 0.018950
3 0.004242 0.572157 0.001455 0.011662
3 0.036727 0.388484 0.009697 0.017493
3 0.055030 0.142857 0.006545 0.045190
3 0.083879 0.139213 0.004121 0.023324
3 0.109697 0.387026 0.044121 0.026239
3 0.157818 0.386297 0.030303 0.013120
3 0.190182 0.388484 0.024727 0.011662
4 0.041212 0.198980 0.001697 0.008746
4 0.066303 0.486152 0.001939 0.011662
4 0.115273 0.247085 0.002909 0.020408
4 0.132606 0.438776 0.002667 0.010204
4 0.164970 0.351312 0.005333 0.036443
4 0.169576 0.120262 0.001939 0.014577
4 0.174545 0.161079 0.005091 0.029155
4 0.174182 0.120991 0.001939 0.016035
4 0.363030 0.852770 0.001455 0.010204
4 0.456727 0.423469 0.003636 0.032070
4 0.473818 0.534257 0.005818 0.020408
4 0.499394 0.539359 0.009455 0.030612
4 0.518182 0.626093 0.003394 0.055394
4 0.552485 0.697522 0.004606 0.023324
4 0.560727 0.434402 0.003152 0.051020
4 0.571879 0.438047 0.003636 0.055394
4 0.573333 0.690233 0.002667 0.032070
4 0.577212 0.717930 0.002182 0.020408
4 0.609455 0.675656 0.002667 0.049563
4 0.610909 0.465015 0.003636 0.027697
4 0.613576 0.674198 0.004121 0.046647
4 0.620606 0.333819 0.005576 0.016035
4 0.631273 0.357872 0.007515 0.029155
4 0.641091 0.653061 0.005333 0.048105
4 0.646788 0.323615 0.003636 0.016035
4 0.649576 0.540816 0.004848 0.027697
4 0.666909 0.658163 0.003636 0.046647
4 0.685455 0.737609 0.010182 0.030612
4 0.683152 0.350583 0.001697 0.017493
4 0.687758 0.381924 0.003152 0.016035
4 0.702061 0.718659 0.003152 0.027697
4 0.708970 0.503644 0.003879 0.017493
4 0.714545 0.810496 0.001939 0.010204
4 0.716727 0.685860 0.003879 0.029155
4 0.721939 0.707726 0.006545 0.043732
4 0.728485 0.357872 0.004121 0.011662
4 0.735273 0.701895 0.004606 0.037901
4 0.740606 0.738338 0.004606 0.029155
4 0.740606 0.371720 0.004121 0.030612
4 0.750667 0.395044 0.003879 0.016035
4 0.754667 0.688047 0.004606 0.059767
4 0.765697 0.393586 0.002909 0.042274
4 0.766667 0.667638 0.004848 0.071429
4 0.769697 0.451166 0.006061 0.122449
4 0.769576 0.753644 0.004848 0.030612
4 0.772242 0.555394 0.006303 0.024781
4 0.772727 0.372449 0.001939 0.029155
4 0.774545 0.699708 0.004606 0.068513
4 0.776606 0.545190 0.002909 0.027697
4 0.781212 0.720117 0.012121 0.091837
4 0.784364 0.592566 0.006788 0.029155
4 0.784606 0.393586 0.005333 0.059767
4 0.795879 0.541545 0.021576 0.201166
4 0.788000 0.651603 0.005818 0.065598
4 0.791030 0.416910 0.007030 0.094752
4 0.792121 0.353499 0.006788 0.026239
4 0.790424 0.708455 0.003394 0.042274
4 0.791152 0.764577 0.002909 0.014577
4 0.800970 0.758017 0.006545 0.027697
4 0.800121 0.720117 0.003879 0.027697
4 0.801091 0.692420 0.004364 0.027697
4 0.810061 0.686589 0.007273 0.123907
4 0.811152 0.400875 0.003636 0.024781
4 0.813818 0.440233 0.005091 0.021866
4 0.815879 0.412536 0.004848 0.027697
4 0.819879 0.746356 0.011394 0.048105
4 0.824121 0.354956 0.012606 0.029155
4 0.824606 0.543003 0.009697 0.037901
4 0.830061 0.456997 0.006545 0.096210
4 0.839879 0.718659 0.008242 0.065598
4 0.862545 0.562682 0.007030 0.018950
4 0.873697 0.413265 0.009455 0.113703
4 0.872242 0.695335 0.006545 0.103499
4 0.874182 0.544461 0.005091 0.029155
4 0.878182 0.487609 0.001455 0.008746
4 0.884848 0.744169 0.006061 0.017493
4 0.892364 0.723761 0.004606 0.049563
4 0.903273 0.448251 0.007030 0.107872
4 0.905576 0.715015 0.004848 0.020408
4 0.912848 0.546647 0.004364 0.021866
4 0.916727 0.720845 0.003879 0.026239
4 0.917576 0.432216 0.004606 0.067055
4 0.920121 0.501458 0.009212 0.045190
4 0.921939 0.750000 0.006061 0.023324
4 0.925818 0.543732 0.003636 0.033528
4 0.937939 0.741254 0.005091 0.032070
4 0.967152 0.553207 0.004848 0.014577
4 0.974303 0.543003 0.010909 0.032070
