0 0.003221 0.166667 0.003019 0.011905
0 0.002818 0.214947 0.002214 0.037037
0 0.004227 0.268519 0.005032 0.046296
0 0.004227 0.318783 0.005032 0.033069
0 0.003019 0.184524 0.001812 0.013228
0 0.004227 0.250000 0.003824 0.022487
0 0.002717 0.286376 0.000805 0.007937
0 0.007045 0.235450 0.005032 0.017196
0 0.005535 0.193122 0.001208 0.009259
0 0.006542 0.212963 0.002415 0.014550
0 0.006441 0.162698 0.001812 0.011905
0 0.007649 0.177249 0.002214 0.014550
0 0.014191 0.254630 0.013285 0.050265
0 0.008857 0.193783 0.001812 0.015873
0 0.010568 0.212302 0.002013 0.034392
0 0.011775 0.185185 0.001610 0.011905
0 0.013990 0.227513 0.000805 0.006614
0 0.015700 0.203704 0.001812 0.022487
0 0.017009 0.273148 0.002013 0.013228
0 0.018720 0.214947 0.001812 0.013228
0 0.019324 0.265212 0.002214 0.013228
0 0.020229 0.298942 0.002013 0.017196
0 0.026369 0.278439 0.004630 0.031746
0 0.033414 0.266534 0.002214 0.015873
0 0.051932 0.201058 0.001812 0.017196
0 0.053442 0.276455 0.004428 0.017196
0 0.055958 0.176587 0.004227 0.013228
0 0.061997 0.251323 0.007850 0.080688
0 0.063708 0.242063 0.002415 0.014550
0 0.064714 0.215608 0.002013 0.011905
0 0.156401 0.272487 0.094002 0.120370
0 0.165056 0.201720 0.002214 0.013228
0 0.196558 0.198413 0.002013 0.011905
0 0.200584 0.273148 0.002013 0.013228
0 0.207126 0.282407 0.002214 0.013228
0 0.207226 0.240079 0.001610 0.013228
0 0.208736 0.199735 0.001812 0.014550
0 0.209944 0.255291 0.003422 0.022487
0 0.211453 0.207011 0.002818 0.015873
0 0.211957 0.283069 0.003422 0.025132
0 0.216586 0.263889 0.005837 0.026455
0 0.216385 0.332011 0.002214 0.011905
0 0.217190 0.347222 0.001409 0.007937
0 0.218800 0.296958 0.002214 0.015873
0 0.219404 0.222222 0.002617 0.014550
0 0.220109 0.312831 0.001610 0.010582
0 0.222424 0.244709 0.002617 0.025132
0 0.225443 0.281085 0.006240 0.060847
0 0.225141 0.232143 0.003221 0.018519
0 0.229469 0.218915 0.004227 0.037037
0 0.232186 0.273148 0.008454 0.066138
0 0.231985 0.321429 0.002415 0.017196
0 0.233192 0.210317 0.002415 0.014550
0 0.233796 0.181217 0.002415 0.014550
0 0.237017 0.224206 0.002415 0.015873
0 0.238929 0.261905 0.003824 0.046296
0 0.240439 0.225529 0.002818 0.015873
0 0.240942 0.308201 0.002617 0.019841
0 0.292170 0.263228 0.103060 0.104497
0 0.242552 0.253968 0.001812 0.025132
0 0.245270 0.223545 0.002415 0.014550
0 0.245471 0.247354 0.002818 0.017196
0 0.246779 0.310185 0.003422 0.013228
0 0.248692 0.263228 0.003623 0.025132
0 0.247987 0.226852 0.001812 0.013228
0 0.251308 0.225529 0.003623 0.023810
0 0.252919 0.243386 0.003221 0.019841
0 0.255837 0.206349 0.003422 0.014550
0 0.255837 0.275794 0.001812 0.010582
0 0.257146 0.232143 0.002818 0.015873
0 0.261373 0.205026 0.004831 0.011905
0 0.261373 0.270503 0.003221 0.018519
0 0.262480 0.236111 0.002617 0.015873
0 0.265399 0.223545 0.003623 0.017196
0 0.265801 0.252646 0.003623 0.017196
0 0.265600 0.191138 0.002415 0.015873
0 0.267512 0.208995 0.003019 0.009259
0 0.267915 0.315476 0.003019 0.021164
0 0.268720 0.270503 0.001812 0.010582
0 0.269726 0.244048 0.003422 0.026455
0 0.298209 0.214947 0.057568 0.039683
0 0.273048 0.272487 0.003623 0.017196
0 0.273249 0.250000 0.001610 0.011905
0 0.276872 0.195106 0.002415 0.010582
0 0.276973 0.252646 0.002617 0.014550
0 0.278885 0.237434 0.002818 0.015873
0 0.279388 0.271825 0.003019 0.018519
0 0.281502 0.251984 0.002013 0.010582
0 0.283514 0.244709 0.002013 0.011905
0 0.283917 0.333995 0.001610 0.013228
0 0.286131 0.235450 0.002415 0.011905
0 0.286031 0.260582 0.001409 0.009259
0 0.287943 0.262566 0.004026 0.031746
0 0.291667 0.246693 0.002214 0.023810
0 0.295491 0.246693 0.004630 0.023810
0 0.294887 0.326720 0.001812 0.011905
0 0.297806 0.310847 0.002818 0.014550
0 0.298209 0.330026 0.002818 0.013228
0 0.299618 0.262566 0.004026 0.015873
0 0.304549 0.271164 0.004227 0.011905
0 0.305254 0.250000 0.003221 0.025132
0 0.309984 0.263889 0.005032 0.021164
0 0.312097 0.250000 0.007246 0.022487
0 0.318941 0.265212 0.002415 0.015873
0 0.322564 0.236111 0.004831 0.013228
0 0.321357 0.275794 0.001208 0.005291
0 0.323269 0.255952 0.003824 0.015873
0 0.331421 0.301587 0.002013 0.011905
0 0.333635 0.248677 0.001208 0.009259
0 0.340982 0.240741 0.003019 0.019841
0 0.341184 0.315476 0.003019 0.015873
0 0.342492 0.260582 0.004428 0.014550
0 0.343398 0.230159 0.002617 0.022487
0 0.344907 0.318122 0.003623 0.037037
0 0.344706 0.288360 0.001610 0.006614
0 0.345411 0.222884 0.002214 0.015873
0 0.347222 0.347222 0.005435 0.037037
0 0.346518 0.240741 0.002818 0.014550
0 0.354066 0.290344 0.017915 0.074074
0 0.349235 0.232143 0.002214 0.013228
0 0.349940 0.208995 0.002013 0.011905
0 0.355072 0.234127 0.008655 0.030423
0 0.355374 0.201720 0.002415 0.018519
0 0.362419 0.335317 0.013688 0.095238
0 0.358293 0.308862 0.003019 0.013228
0 0.358595 0.200397 0.002013 0.018519
0 0.361614 0.135582 0.003221 0.066138
0 0.362822 0.220238 0.003221 0.013228
0 0.363426 0.189815 0.002818 0.018519
0 0.370068 0.148148 0.014493 0.078042
0 0.364533 0.279762 0.003422 0.015873
0 0.364130 0.250000 0.001409 0.009259
0 0.367049 0.219577 0.006441 0.141534
0 0.364533 0.234788 0.001409 0.010582
0 0.371981 0.337302 0.008253 0.080688
0 0.407508 0.255291 0.076087 0.048942
0 0.373692 0.213624 0.008052 0.023810
0 0.376208 0.136243 0.011071 0.078042
0 0.376107 0.292328 0.004026 0.014550
0 0.380133 0.231481 0.009259 0.041005
0 0.378120 0.178571 0.004428 0.059524
0 0.382548 0.282407 0.002818 0.018519
0 0.392713 0.301587 0.002617 0.014550
0 0.403986 0.318122 0.005435 0.015873
0 0.449779 0.152116 0.085346 0.154762
0 0.412138 0.387566 0.002013 0.006614
0 0.415459 0.386243 0.004227 0.030423
0 0.423611 0.305556 0.003221 0.014550
0 0.425121 0.333995 0.001409 0.015873
0 0.427033 0.309524 0.002013 0.017196
0 0.441023 0.353175 0.012279 0.136243
0 0.464875 0.333995 0.053945 0.161376
0 0.447665 0.230159 0.003019 0.019841
0 0.449175 0.269180 0.005233 0.010582
0 0.465680 0.132275 0.005636 0.056878
0 0.470310 0.177910 0.014090 0.148148
0 0.465680 0.284392 0.002013 0.009259
0 0.466284 0.345899 0.002013 0.015873
0 0.477959 0.294312 0.002415 0.023810
0 0.490238 0.175265 0.012480 0.132275
0 0.492653 0.329365 0.016908 0.091270
0 0.489030 0.257275 0.007246 0.034392
0 0.495672 0.272487 0.005233 0.017196
0 0.507548 0.223545 0.023349 0.107143
0 0.514593 0.166667 0.026167 0.130952
0 0.509561 0.333333 0.003221 0.022487
0 0.510870 0.289683 0.002214 0.011905
0 0.519324 0.204365 0.012681 0.142857
0 0.516204 0.332011 0.005233 0.096561
0 0.523752 0.324735 0.013486 0.100529
0 0.524155 0.283069 0.001409 0.009259
0 0.561494 0.181878 0.074879 0.156085
0 0.616445 0.291005 0.177536 0.091270
0 0.539956 0.345238 0.018116 0.107143
0 0.554952 0.357143 0.014291 0.109788
0 0.584138 0.355159 0.054549 0.129630
0 0.573772 0.312831 0.003221 0.044974
0 0.590982 0.324735 0.003824 0.058201
0 0.594404 0.230159 0.002617 0.064815
0 0.651369 0.300265 0.001409 0.009259
0 0.687500 0.306878 0.001610 0.009259
0 0.689312 0.314153 0.001610 0.010582
0 0.693539 0.261243 0.002415 0.013228
0 0.692633 0.303571 0.000604 0.007937
0 0.694444 0.310185 0.001006 0.005291
0 0.696357 0.326720 0.001610 0.009259
0 0.700382 0.335317 0.002415 0.013228
0 0.701791 0.400132 0.003623 0.018519
0 0.700584 0.353836 0.000805 0.007937
0 0.702597 0.232804 0.001610 0.009259
0 0.702798 0.331349 0.002013 0.013228
0 0.703804 0.347884 0.002818 0.017196
0 0.704308 0.388228 0.001812 0.037037
1 0.001208 0.425926 0.002214 0.025132
1 0.023853 0.488095 0.009662 0.078042
1 0.028885 0.507937 0.006039 0.030423
1 0.034420 0.503307 0.003824 0.015873
1 0.050221 0.492725 0.017311 0.071429
1 0.060487 0.489418 0.005636 0.056878
1 0.066123 0.484788 0.004831 0.071429
1 0.072061 1.023148 0.001409 0.007937
1 0.073370 0.474206 0.002818 0.039683
1 0.198671 0.435185 0.001006 0.009259
1 0.242854 0.431878 0.008052 0.039683
1 0.272142 0.435847 0.009058 0.042328
1 0.289654 0.320767 0.002617 0.026455
1 0.321558 0.287037 0.002013 0.019841
1 0.338969 0.435847 0.007448 0.034392
1 0.343800 0.286376 0.004227 0.026455
1 0.342693 0.333333 0.002013 0.011905
1 0.356884 0.248677 0.000201 0.001323
1 0.358394 0.266534 0.003221 0.031746
1 0.384662 0.431217 0.007045 0.041005
1 0.384662 0.341931 0.002617 0.023810
1 0.415862 0.371032 0.004227 0.026455
1 0.437802 0.271164 0.001812 0.022487
1 0.466989 0.441138 0.005032 0.037037
1 0.478462 0.442460 0.007045 0.034392
1 0.498893 0.270503 0.003623 0.026455
1 0.527375 0.430556 0.012279 0.044974
1 0.535125 0.302910 0.002415 0.022487
1 0.548209 0.438492 0.007246 0.031746
1 0.610205 0.435847 0.005636 0.026455
1 0.619062 0.437831 0.006039 0.035714
1 0.638184 0.345238 0.004428 0.046296
1 0.696759 0.449735 0.002415 0.014550
1 0.699577 0.443783 0.003623 0.026455
1 0.738527 0.567460 0.004630 0.025132
1 0.914452 0.672619 0.012681 0.047619
1 0.931361 0.346561 0.004630 0.014550
2 0.138788 0.265212 0.001208 0.007937
2 0.247786 0.505952 0.001409 0.007937
2 0.292472 0.345238 0.004630 0.033069
2 0.306763 0.386905 0.003019 0.026455
2 0.408615 0.314153 0.001409 0.005291
2 0.589271 0.440476 0.002013 0.011905
2 0.648853 0.371693 0.089775 0.072751
2 0.691727 0.397487 0.004026 0.018519
2 0.748490 0.408069 0.107488 0.079365
2 0.841284 0.408730 0.022142 0.041005
2 0.864533 0.395503 0.002214 0.011905
2 0.956824 0.412698 0.096216 0.072751
2 0.001107 0.434524 0.005636 0.018519
2 0.004126 0.326058 0.001610 0.007937
2 0.004227 0.351190 0.001409 0.010582
2 0.004328 0.382275 0.001208 0.009259
2 0.004529 0.306878 0.000805 0.009259
2 0.004529 0.442460 0.000805 0.007937
2 0.004529 0.521164 0.000805 0.033069
2 0.004630 0.242725 0.000604 0.042328
2 0.004630 0.606481 0.000604 0.031746
3 0.000604 0.316138 0.001006 0.011905
3 0.023450 0.322751 0.040258 0.027778
3 0.053241 0.318122 0.007649 0.010582
3 0.063808 0.319444 0.007850 0.015873
3 0.071256 0.459656 0.002617 0.029101
3 0.086856 0.322751 0.002013 0.014550
3 0.088366 0.327381 0.001006 0.005291
3 0.134058 0.321429 0.066224 0.030423
3 0.123188 0.084656 0.003019 0.022487
3 0.171498 0.332011 0.007850 0.022487
3 0.196155 0.328042 0.015298 0.019841
3 0.204911 0.400132 0.003422 0.031746
3 0.245572 0.325397 0.029992 0.017196
3 0.267210 0.325397 0.005636 0.011905
3 0.276872 0.332011 0.004831 0.022487
3 0.284722 0.316799 0.002415 0.013228
3 0.287842 0.328704 0.006240 0.015873
3 0.340278 0.335317 0.004831 0.013228
3 0.340781 0.479497 0.002617 0.013228
3 0.350342 0.332672 0.014493 0.018519
3 0.370471 0.305556 0.001610 0.011905
3 0.376006 0.335317 0.012681 0.015873
3 0.400765 0.335317 0.009058 0.015873
3 0.425523 0.339947 0.009058 0.041005
3 0.435890 0.335979 0.002415 0.014550
3 0.459440 0.336640 0.013688 0.021164
3 0.461554 0.546958 0.004227 0.026455
3 0.478160 0.335317 0.002013 0.013228
3 0.514895 0.338624 0.017512 0.085979
3 0.545290 0.337302 0.028382 0.022487
3 0.584843 0.341270 0.012077 0.025132
3 0.615439 0.337963 0.004428 0.015873
3 0.634561 0.335317 0.006039 0.021164
3 0.649255 0.334656 0.015700 0.059524
3 0.667069 0.341931 0.009058 0.015873
3 0.752013 0.343915 0.142713 0.022487
3 0.837862 0.347884 0.016506 0.017196
3 0.833837 0.519180 0.001208 0.010582
3 0.860809 0.352513 0.008052 0.015873
3 0.876006 0.129630 0.005435 0.041005
3 0.899960 0.126323 0.003422 0.021164
3 0.921397 0.351190 0.036634 0.023810
3 0.961353 0.350529 0.025161 0.011905
3 0.988225 0.352513 0.020531 0.010582
4 0.034219 0.180556 0.001409 0.007937
4 0.055052 0.441138 0.001610 0.010582
4 0.095713 0.224206 0.002415 0.018519
4 0.110105 0.398148 0.002214 0.009259
4 0.136977 0.318783 0.004428 0.033069
4 0.140801 0.109127 0.001610 0.013228
4 0.144928 0.146164 0.004227 0.026455
4 0.144626 0.109788 0.001610 0.014550
4 0.301429 0.773810 0.001208 0.009259
4 0.379227 0.384259 0.003019 0.029101
4 0.393418 0.484788 0.004831 0.018519
4 0.414654 0.489418 0.007850 0.027778
4 0.430254 0.568122 0.002818 0.050265
4 0.458736 0.632937 0.003824 0.021164
4 0.465580 0.394180 0.002617 0.046296
4 0.474839 0.397487 0.003019 0.050265
4 0.476047 0.626323 0.002214 0.029101
4 0.479267 0.651455 0.001812 0.018519
4 0.506039 0.613095 0.002214 0.044974
4 0.507246 0.421958 0.003019 0.025132
4 0.509461 0.611772 0.003422 0.042328
4 0.515298 0.302910 0.004630 0.014550
4 0.524155 0.324735 0.006240 0.026455
4 0.532307 0.592593 0.004428 0.043651
4 0.537037 0.293651 0.003019 0.014550
4 0.539352 0.490741 0.004026 0.025132
4 0.553744 0.597222 0.003019 0.042328
4 0.569143 0.669312 0.008454 0.027778
4 0.567230 0.318122 0.001409 0.015873
4 0.571055 0.346561 0.002617 0.014550
4 0.582931 0.652116 0.002617 0.025132
4 0.588667 0.457011 0.003221 0.015873
4 0.593297 0.735450 0.001610 0.009259
4 0.595109 0.622354 0.003221 0.026455
4 0.599436 0.642196 0.005435 0.039683
4 0.604871 0.324735 0.003422 0.010582
4 0.610507 0.636905 0.003824 0.034392
4 0.614936 0.669974 0.003824 0.026455
4 0.614936 0.337302 0.003422 0.027778
4 0.623289 0.358466 0.003221 0.014550
4 0.626610 0.624339 0.003824 0.054233
4 0.635769 0.357143 0.002415 0.038360
4 0.636574 0.605820 0.004026 0.064815
4 0.639090 0.409392 0.005032 0.111111
4 0.638990 0.683862 0.004026 0.027778
4 0.641204 0.503968 0.005233 0.022487
4 0.641606 0.337963 0.001610 0.026455
4 0.643116 0.634921 0.003824 0.062169
4 0.644827 0.494709 0.002415 0.025132
4 0.648651 0.653439 0.010064 0.083333
4 0.651268 0.537698 0.005636 0.026455
4 0.651469 0.357143 0.004428 0.054233
4 0.660829 0.491402 0.017915 0.182540
4 0.654287 0.591270 0.004831 0.059524
4 0.656804 0.378307 0.005837 0.085979
4 0.657709 0.320767 0.005636 0.023810
4 0.656300 0.642857 0.002818 0.038360
4 0.656904 0.693783 0.002415 0.013228
4 0.665056 0.687831 0.005435 0.025132
4 0.664352 0.653439 0.003221 0.025132
4 0.665157 0.628307 0.003623 0.025132
4 0.672605 0.623016 0.006039 0.112434
4 0.673510 0.363757 0.003019 0.022487
4 0.675725 0.399471 0.004227 0.019841
4 0.677436 0.374339 0.004026 0.025132
4 0.680757 0.677249 0.009461 0.043651
4 0.684279 0.322090 0.010467 0.026455
4 0.684682 0.492725 0.008052 0.034392
4 0.689211 0.414683 0.005435 0.087302
4 0.697363 0.652116 0.006844 0.059524
4 0.716184 0.510582 0.005837 0.017196
4 0.725443 0.375000 0.007850 0.103175
4 0.724235 0.630952 0.005435 0.093915
4 0.725845 0.494048 0.004227 0.026455
4 0.729167 0.442460 0.001208 0.007937
4 0.734702 0.675265 0.005032 0.015873
4 0.740942 0.656746 0.003824 0.044974
4 0.750000 0.406746 0.005837 0.097884
4 0.751912 0.648810 0.004026 0.018519
4 0.757951 0.496032 0.003623 0.019841
4 0.761171 0.654101 0.003221 0.023810
4 0.761876 0.392196 0.003824 0.060847
4 0.763990 0.455026 0.007649 0.041005
4 0.765499 0.680556 0.005032 0.021164
4 0.768720 0.493386 0.003019 0.030423
4 0.778784 0.672619 0.004227 0.029101
4 0.803039 0.501984 0.004026 0.013228
4 0.808977 0.492725 0.009058 0.029101
